101046
100742
100557
100386
100213
100172
100066
99919
99805
99693
99595
99521
99434
99375
99360
99342
99380
99400
99441
99430
99432
99363
99385
99338
99380
99352
99409
99391
99427
99464
99522
99566
99652
99673
99728
99766
99817
99843
99888
99896
99930
99931
99944
99939
99996
100000
100017
100022
100032
100034
100054
100064
100109
100122
100174
100189
100231
100241
100277
100290
100324
100337
100363
100350
100361
100349
100382
100375
100406
100381
100383
100351
100350
100367
100403
100425
100426
100425
100428
100449
100476
100498
100533
100545
100554
100574
100596
100632
100652
100681
100694
100711
100733
100767
100818
100854
100902
100938
100959
100980
100996
101035
101068
101106
101102
101078
101056
101036
101034
100999
100978
100936
100897
100871
100848
100836
100807
100798
100778
100737
100695
100652
100625
100590
100563
100509
100450
100394
100342
100303
100253
100217
100165
100114
100069
100020
99991
99947
99928
99884
99862
99848
99852
99861
99859
99868
99870
99861
99853
99844
99862
99861
99873
99862
99862
99855
99849
99854
99862
99875
99867
99854
99856
99851
99859
99854
99876
99869
99859
99848
99852
99861
99859
99868
99870
99861
99853
99844
99862
99861
99873
99862
99862
99855
99849
99854
99862
99875
99867
99854
99856
99851
99859
99854
99876
99869
99859
99848
99852
99861
99859
99868
99870
99861
99853
99844
99862
99861
99873
99862
99862
99855
99849
99854
99862
99875
99867
99854
99856
99851
99859
99854
99876
99869
99859
99848
99852
99861
99859
99868
99870
99861
99853
99844
99862
99861
99873
99862
99862
99855
99849
99854
99862
99875
99867
99854
99856
99851
99859
99854
99876
99869
99859
99848
99852
99861
99859
99868
99870
99861
99853
99844
99862
99861
99873
99862
99862
99855
