0:
1	

1:
4	

2:
9	

3:
16	

4:
22	

5:
30	

6:
42	

7:
51	

8:
72	

9:
85	

10:
104	

11:
125	

12:
146	

13:
169	

14:
196	

15:
223	

16:
253	

17:
280	

18:
318	

19:
344	

20:
385	

21:
415	

22:
465	

23:
497	

24:
547	

25:
588	

26:
642	

27:
689	

28:
743	

29:
781	

30:
842	

31:
892	

32:
952	

33:
1004	

34:
1069	

35:
1125	

36:
1196	

37:
1258	

38:
1328	

39:
1396	

40:
1468	

41:
1524	

42:
1605	

43:
1671	

44:
1759	

45:
1824	

46:
1917	

47:
1979	

48:
2078	

49:
2147	

50:
2253	

51:
2325	

52:
2435	

53:
2494	

54:
2608	

55:
2678	

56:
2809	

57:
2878	

58:
3014	

59:
3071	

60:
3217	

61:
3278	

62:
3468	

63:
3538	

64:
3731	

65:
3799	

66:
0	1	0	
1	3991	1	
0	1	0	

67:
0	3	0	
3	4055	3	
0	3	0	

68:
0	6	0	
6	4243	6	
0	6	0	

69:
0	10	0	
10	4272	10	
0	10	0	

70:
0	15	0	
15	4456	15	
0	15	0	

71:
0	21	0	
21	4476	21	
0	21	0	

72:
0	28	0	
28	4661	27	
0	27	0	

73:
0	35	0	
34	4672	35	
0	35	0	

74:
0	44	0	
42	4857	43	
0	42	0	

75:
0	54	0	
52	4860	54	
0	54	0	

76:
0	65	0	
62	5053	62	
0	61	0	

77:
0	75	0	
74	5047	76	
0	75	0	

78:
0	88	0	
84	5232	86	
0	82	0	

79:
0	102	0	
101	5226	99	
0	99	0	

80:
0	113	0	
111	5407	111	
0	109	0	

81:
0	130	0	
128	5398	124	
0	130	0	

82:
0	142	0	
139	5576	138	
0	138	0	

83:
0	163	0	
156	5566	156	
0	163	0	

84:
0	176	0	
170	5738	173	
0	171	0	

85:
0	199	0	
191	5725	186	
0	198	0	

86:
0	212	0	
210	5887	205	
0	210	0	

87:
0	234	0	
233	5879	222	
0	237	0	

88:
0	251	0	
247	6039	239	
0	249	0	

89:
0	275	0	
271	6022	260	
0	279	0	

90:
0	294	0	
287	6177	279	
0	291	0	

91:
0	323	0	
316	6160	308	
0	321	0	

92:
0	345	0	
332	6305	328	
0	332	0	

93:
0	372	0	
367	6293	359	
0	368	0	

94:
0	395	0	
382	6436	376	
0	382	0	

95:
0	429	0	
419	6425	414	
0	418	0	

96:
0	448	0	
438	6565	432	
0	434	0	

97:
0	482	0	
477	6552	471	
0	477	0	

98:
0	501	0	
497	6678	490	
0	489	0	

99:
0	537	0	
533	6657	530	
0	539	0	

100:
0	565	0	
554	6783	549	
0	545	0	

101:
0	600	0	
594	6757	593	
0	606	0	

102:
0	633	0	
615	6896	616	
0	607	0	

103:
0	669	0	
658	6857	658	
0	667	0	

104:
0	704	0	
680	6992	684	
0	674	0	

105:
0	740	0	
727	6945	725	
0	739	0	

106:
0	773	0	
750	7073	755	
0	748	0	

107:
0	810	0	
800	7030	799	
0	814	0	

108:
0	846	0	
827	7157	830	
0	819	0	

109:
0	882	0	
874	7107	872	
0	890	0	

110:
0	926	0	
897	7233	909	
0	891	0	

111:
0	957	0	
952	7175	953	
0	969	0	

112:
0	1007	0	
979	7294	986	
0	970	0	

113:
0	1036	0	
1039	7239	1032	
0	1049	0	

114:
0	1089	0	
1068	7358	1069	
0	1052	0	

115:
0	1123	0	
1126	7299	1115	
0	1138	0	

116:
0	1183	0	
1155	7414	1160	
0	1141	0	

117:
0	1209	0	
1219	7346	1208	
0	1232	0	

118:
0	1277	0	
1248	7460	1257	
0	1234	0	

119:
0	1304	0	
1314	7391	1310	
0	1330	0	

120:
0	1375	0	
1342	7499	1350	
0	1326	0	

121:
0	1398	0	
1414	7427	1403	
0	1423	0	

122:
0	1478	0	
1441	7532	1445	
0	1423	0	

123:
0	1508	0	
1520	7453	1502	
0	1525	0	

124:
0	1577	0	
1541	7555	1550	
0	1534	0	

125:
0	1613	0	
1625	7473	1614	
0	1633	0	

126:
0	1678	0	
1645	7575	1660	
0	1634	0	

127:
0	1714	0	
1729	7490	1722	
0	1740	0	

128:
0	1783	0	
1753	7588	1772	
0	1740	0	

129:
0	1832	0	
1847	7498	1833	
0	1848	0	

130:
0	1896	0	
1862	7592	1885	
0	1843	0	

131:
0	1943	0	
1957	7498	1947	
0	1958	0	

132:
1	2000	1	
1973	7592	1995	
1	1960	1	

133:
2	2052	2	
2065	7498	2064	
2	2081	2	

134:
4	2115	4	
2084	7592	2106	
4	2084	4	

135:
6	2163	6	
2179	7498	2179	
6	2204	6	

136:
9	2225	9	
2195	7592	2215	
9	2203	9	

137:
11	2275	12	
2296	7498	2291	
11	2320	11	

138:
14	2340	16	
2314	7592	2323	
14	2313	16	

139:
17	2397	20	
2421	7498	2412	
18	2436	16	

140:
21	2453	24	
2438	7592	2440	
22	2428	25	

141:
27	2509	29	
2534	7498	2523	
26	2550	25	

142:
32	2562	33	
2549	7592	2553	
32	2548	33	

143:
38	2626	41	
2646	7498	2635	
37	2669	35	

144:
44	2687	44	
2659	7592	2672	
44	2655	45	

145:
50	2750	53	
2761	7498	2759	
48	2785	47	

146:
57	2808	59	
2775	7592	2795	
57	2771	58	

147:
65	2862	67	
2875	7498	2879	
59	2900	61	

148:
73	2926	72	
2883	7592	2909	
74	2878	74	

149:
81	2982	83	
2987	7498	2987	
76	3011	79	

150:
89	3035	89	
3004	7592	3009	
88	2992	90	

151:
97	3095	101	
3108	7498	3087	
90	3126	97	

152:
104	3145	108	
3120	7592	3117	
106	3107	109	

153:
113	3206	121	
3222	7498	3200	
110	3246	118	

154:
121	3257	131	
3234	7592	3225	
128	3224	130	

155:
133	3317	144	
3333	7498	3314	
132	3357	140	

156:
144	3376	151	
3349	7592	3346	
148	3335	152	

157:
159	3433	166	
3453	7498	3431	
152	3472	161	

158:
173	3493	172	
3470	7592	3470	
170	3453	174	

159:
185	3549	191	
3578	7498	3547	
175	3589	182	

160:
201	3605	202	
3577	7592	3587	
198	3566	200	

161:
209	3660	217	
3686	7498	3665	
202	3704	209	

162:
227	3715	228	
3692	7592	3706	
226	3679	230	

163:
235	3772	241	
3805	7498	3778	
230	3813	234	

164:
257	3833	254	
3801	7592	3817	
256	3793	255	

165:
264	3894	270	
3919	7498	3889	
262	3930	264	

166:
285	3950	283	
3912	7592	3930	
289	3912	287	

167:
294	4011	302	
4038	7498	4007	
295	4048	297	

168:
318	4060	316	
4028	7592	4048	
322	4032	319	

169:
330	4126	342	
4152	7498	4123	
326	4162	330	

170:
352	4177	352	
4142	7592	4166	
352	4143	351	

171:
364	4244	376	
4268	7498	4235	
361	4276	363	

172:
386	4282	387	
4246	7592	4273	
389	4250	384	

173:
403	4356	411	
4381	7498	4342	
400	4380	396	

174:
423	4390	424	
4368	7592	4379	
424	4359	419	

175:
442	4471	449	
4499	7498	4453	
434	4494	436	

176:
466	4497	460	
4480	7592	4493	
465	4475	454	

177:
480	4582	488	
4614	7498	4567	
471	4609	482	

178:
504	4606	500	
4595	7592	4601	
503	4587	498	

179:
519	4692	527	
4727	7498	4682	
512	4723	528	

180:
550	4717	537	
4706	7592	4717	
552	4702	541	

181:
561	4802	567	
4842	7498	4799	
559	4839	573	

182:
590	4831	579	
4824	7592	4828	
594	4818	584	

183:
605	4925	610	
4955	7498	4922	
606	4952	617	

184:
634	4944	624	
4925	7592	4941	
640	4923	628	

185:
657	5034	656	
5056	7498	5034	
651	5060	661	

186:
687	5052	673	
5034	7592	5055	
688	5039	675	

187:
708	5150	706	
5177	7498	5154	
700	5182	706	

188:
739	5163	720	
5156	7592	5165	
742	5158	725	

189:
757	5269	756	
5299	7498	5265	
749	5295	753	

190:
786	5276	769	
5269	7592	5270	
795	5263	781	

191:
805	5383	809	
5413	7498	5376	
800	5406	806	

192:
838	5389	822	
5384	7592	5380	
848	5375	834	

193:
864	5516	864	
5544	7498	5510	
852	5538	860	

194:
903	5525	887	
5515	7592	5519	
910	5509	897	

195:
930	5652	928	
5677	7498	5646	
917	5671	924	

196:
969	5657	952	
5646	7592	5651	
977	5640	963	

197:
0	0	1	0	0	
0	996	5782	994	0	
1	5807	7498	5776	1	
0	983	5801	990	0	
0	0	1	0	0	

198:
0	0	3	0	0	
0	1036	5785	1019	0	
3	5774	7592	5779	3	
0	1044	5768	1030	0	
0	0	3	0	0	

199:
0	0	6	0	0	
0	1064	5908	1062	0	
6	5933	7498	5902	6	
0	1051	5927	1058	0	
0	0	6	0	0	

200:
0	0	10	0	0	
0	1105	5891	1088	0	
10	5882	7592	5888	10	
0	1113	5879	1099	0	
0	0	10	0	0	

