0	112	[(0, 256), (1, 256), (1, 7)]	[255, 511, 3846]	
0	76	[(0, 128), (1, 128), (1, 57)]	[127, 255, 3768]	
1	16	[(0, 32), (1, 32), (0, 39)]	[31, 63, 3878]	
1	97	[(0, 128), (1, 128), (1, 89)]	[127, 255, 4056]	
0	1	[(0, 2), (1, 2), (0, 3)]	[1, 3, 4058]	
1	481	[(0, 1024), (1, 1024), (1, 985)]	[1023, 2047, 4056]	
0	112	[(0, 128), (1, 128), (0, 135)]	[127, 255, 3974]	
0	4	[(0, 4), (1, 4), (0, 5)]	[3, 7, 3772]	
0	12	[(0, 16), (1, 16), (1, 9)]	[15, 31, 3768]	
0	2	[(0, 32), (1, 32), (1, 5)]	[31, 63, 3876]	
1	112	[(0, 512), (1, 512), (1, 263)]	[511, 1023, 3846]	
0	16	[(0, 16), (1, 16), (0, 23)]	[15, 31, 3862]	
1	225	[(0, 256), (1, 256), (1, 217)]	[255, 511, 4056]	
1	8	[(0, 8), (1, 8), (0, 15)]	[7, 15, 3854]	
0	2	[(0, 4), (1, 4), (1, 1)]	[3, 7, 3876]	
1	1	[(0, 1), (1, 1), (0, 2)]	[0, 1, 3877]	
0	12	[(0, 32), (1, 32), (1, 25)]	[31, 63, 3768]	
0	194	[(0, 256), (1, 256), (1, 37)]	[255, 511, 3876]	
1	2	[(0, 2), (1, 2), (0, 3)]	[1, 3, 3770]	
1	1	[(0, 1), (1, 1), (0, 2)]	[0, 1, 3847]	
1	1505	[(0, 2048), (1, 2009)]	[2047, 4056]	
0	1648	[(0, 2048), (1, 1799)]	[2047, 3846]	
0	1	[(0, 16), (1, 16), (1, 9)]	[15, 31, 4056]	
1	66	[(0, 128), (1, 128), (0, 165)]	[127, 255, 4004]	
1	76	[(0, 256), (1, 256), (0, 441)]	[255, 511, 4024]	
1	194	[(0, 1024), (1, 1024), (1, 805)]	[1023, 2047, 3876]	
1	1	[(0, 32), (1, 32), (0, 57)]	[31, 63, 4088]	
0	1	[(0, 1), (1, 1), (0, 2)]	[0, 1, 4057]	
0	1	[(0, 4), (1, 4), (0, 5)]	[3, 7, 4060]	
1	1	[(0, 1), (1, 1), (0, 2)]	[0, 1, 3769]	
0	194	[(0, 512), (1, 512), (1, 293)]	[511, 1023, 3876]	
0	2	[(0, 16), (1, 16), (0, 21)]	[15, 31, 3892]	
1	4	[(0, 4), (1, 4), (1, 3)]	[3, 7, 3846]	
1	332	[(0, 512), (1, 512), (1, 185)]	[511, 1023, 3768]	
1	624	[(0, 1024), (1, 1024), (1, 775)]	[1023, 2047, 3846]	
1	12	[(0, 64), (1, 64), (0, 121)]	[63, 127, 3832]	
0	844	[(0, 1024), (1, 1024), (1, 697)]	[1023, 2047, 3768]	
0	844	[(0, 2048), (1, 1721)]	[2047, 3768]	
1	2	[(0, 2), (1, 2), (1, 1)]	[1, 3, 3846]	
0	481	[(0, 512), (1, 512), (1, 473)]	[511, 1023, 4056]	
1	48	[(0, 64), (1, 64), (0, 71)]	[63, 127, 3910]	
0	2	[(0, 8), (1, 8), (0, 13)]	[7, 15, 3884]	
1	2	[(0, 64), (1, 64), (0, 101)]	[63, 127, 3940]	
0	1	[(0, 8), (1, 8), (1, 1)]	[7, 15, 4056]	
1	4	[(0, 8), (1, 8), (1, 1)]	[7, 15, 3768]	
0	2	[(0, 2), (1, 2), (0, 3)]	[1, 3, 3878]	
1	33	[(0, 64), (1, 64), (1, 25)]	[63, 127, 4056]	
0	1218	[(0, 2048), (1, 1829)]	[2047, 3876]	
481	1	[(0, 1), (8, 1), (2, 1), (10, 1), (16, 1), (24, 1), (18, 1), (26, 1), (1, 1), (9, 1), (3, 1), (11, 1), (17, 1), (25, 1), (19, 1), (27, 1), (256, 1), (264, 1), (258, 1), (266, 1), (272, 1), (280, 1), (274, 1), (282, 1), (257, 1), (265, 1), (259, 1), (267, 1), (273, 1), (281, 1), (275, 1), (283, 1), (64, 1), (72, 1), (66, 1), (74, 1), (80, 1), (88, 1), (82, 1), (90, 1), (65, 1), (73, 1), (67, 1), (75, 1), (81, 1), (89, 1), (83, 1), (91, 1), (320, 1), (328, 1), (322, 1), (330, 1), (336, 1), (344, 1), (338, 1), (346, 1), (321, 1), (329, 1), (323, 1), (331, 1), (337, 1), (345, 1), (339, 1), (347, 1), (4, 1), (12, 1), (6, 1), (14, 1), (20, 1), (28, 1), (22, 1), (30, 1), (5, 1), (13, 1), (7, 1), (15, 1), (21, 1), (29, 1), (23, 1), (31, 1), (260, 1), (268, 1), (262, 1), (270, 1), (276, 1), (284, 1), (278, 1), (286, 1), (261, 1), (269, 1), (263, 1), (271, 1), (277, 1), (285, 1), (279, 1), (287, 1), (68, 1), (76, 1), (70, 1), (78, 1), (84, 1), (92, 1), (86, 1), (94, 1), (69, 1), (77, 1), (71, 1), (79, 1), (85, 1), (93, 1), (87, 1), (95, 1), (324, 1), (332, 1), (326, 1), (334, 1), (340, 1), (348, 1), (342, 1), (350, 1), (325, 1), (333, 1), (327, 1), (335, 1), (341, 1), (349, 1), (343, 1), (351, 1), (128, 1), (136, 1), (130, 1), (138, 1), (144, 1), (152, 1), (146, 1), (154, 1), (129, 1), (137, 1), (131, 1), (139, 1), (145, 1), (153, 1), (147, 1), (155, 1), (384, 1), (392, 1), (386, 1), (394, 1), (400, 1), (408, 1), (402, 1), (410, 1), (385, 1), (393, 1), (387, 1), (395, 1), (401, 1), (409, 1), (403, 1), (411, 1), (192, 1), (200, 1), (194, 1), (202, 1), (208, 1), (216, 1), (210, 1), (218, 1), (193, 1), (201, 1), (195, 1), (203, 1), (209, 1), (217, 1), (211, 1), (219, 1), (448, 1), (456, 1), (450, 1), (458, 1), (464, 1), (472, 1), (466, 1), (474, 1), (449, 1), (457, 1), (451, 1), (459, 1), (465, 1), (473, 1), (467, 1), (475, 1), (132, 1), (140, 1), (134, 1), (142, 1), (148, 1), (156, 1), (150, 1), (158, 1), (133, 1), (141, 1), (135, 1), (143, 1), (149, 1), (157, 1), (151, 1), (159, 1), (388, 1), (396, 1), (390, 1), (398, 1), (404, 1), (412, 1), (406, 1), (414, 1), (389, 1), (397, 1), (391, 1), (399, 1), (405, 1), (413, 1), (407, 1), (415, 1), (196, 1), (204, 1), (198, 1), (206, 1), (212, 1), (220, 1), (214, 1), (222, 1), (197, 1), (205, 1), (199, 1), (207, 1), (213, 1), (221, 1), (215, 1), (223, 1), (452, 1), (460, 1), (454, 1), (462, 1), (468, 1), (476, 1), (470, 1), (478, 1), (453, 1), (461, 1), (455, 1), (463, 1), (469, 1), (477, 1), (471, 1), (479, 1), (32, 1), (40, 1), (34, 1), (42, 1), (48, 1), (56, 1), (50, 1), (58, 1), (33, 1), (41, 1), (35, 1), (43, 1), (49, 1), (57, 1), (51, 1), (59, 1), (288, 1), (296, 1), (290, 1), (298, 1), (304, 1), (312, 1), (306, 1), (314, 1), (289, 1), (297, 1), (291, 1), (299, 1), (305, 1), (313, 1), (307, 1), (315, 1), (96, 1), (104, 1), (98, 1), (106, 1), (112, 1), (120, 1), (114, 1), (122, 1), (97, 1), (105, 1), (99, 1), (107, 1), (113, 1), (121, 1), (115, 1), (123, 1), (352, 1), (360, 1), (354, 1), (362, 1), (368, 1), (376, 1), (370, 1), (378, 1), (353, 1), (361, 1), (355, 1), (363, 1), (369, 1), (377, 1), (371, 1), (379, 1), (36, 1), (44, 1), (38, 1), (46, 1), (52, 1), (60, 1), (54, 1), (62, 1), (37, 1), (45, 1), (39, 1), (47, 1), (53, 1), (61, 1), (55, 1), (63, 1), (292, 1), (300, 1), (294, 1), (302, 1), (308, 1), (316, 1), (310, 1), (318, 1), (293, 1), (301, 1), (295, 1), (303, 1), (309, 1), (317, 1), (311, 1), (319, 1), (100, 1), (108, 1), (102, 1), (110, 1), (116, 1), (124, 1), (118, 1), (126, 1), (101, 1), (109, 1), (103, 1), (111, 1), (117, 1), (125, 1), (119, 1), (127, 1), (356, 1), (364, 1), (358, 1), (366, 1), (372, 1), (380, 1), (374, 1), (382, 1), (357, 1), (365, 1), (359, 1), (367, 1), (373, 1), (381, 1), (375, 1), (383, 1), (160, 1), (168, 1), (162, 1), (170, 1), (176, 1), (184, 1), (178, 1), (186, 1), (161, 1), (169, 1), (163, 1), (171, 1), (177, 1), (185, 1), (179, 1), (187, 1), (416, 1), (424, 1), (418, 1), (426, 1), (432, 1), (440, 1), (434, 1), (442, 1), (417, 1), (425, 1), (419, 1), (427, 1), (433, 1), (441, 1), (435, 1), (443, 1), (224, 1), (232, 1), (226, 1), (234, 1), (240, 1), (248, 1), (242, 1), (250, 1), (225, 1), (233, 1), (227, 1), (235, 1), (241, 1), (249, 1), (243, 1), (251, 1), (480, 1), (488, 1), (482, 1), (490, 1), (496, 1), (504, 1), (498, 1), (506, 1), (481, 1), (489, 1), (483, 1), (491, 1), (497, 1), (505, 1), (499, 1), (507, 1), (164, 1), (172, 1), (166, 1), (174, 1), (180, 1), (188, 1), (182, 1), (190, 1), (165, 1), (173, 1), (167, 1), (175, 1), (181, 1), (189, 1), (183, 1), (191, 1), (420, 1), (428, 1), (422, 1), (430, 1), (436, 1), (444, 1), (438, 1), (446, 1), (421, 1), (429, 1), (423, 1), (431, 1), (437, 1), (445, 1), (439, 1), (447, 1), (228, 1), (236, 1), (230, 1), (238, 1), (244, 1), (252, 1), (246, 1), (254, 1), (229, 1), (237, 1), (231, 1), (239, 1), (245, 1), (253, 1), (247, 1), (255, 1), (484, 1), (492, 1), (486, 1), (494, 1), (500, 1), (508, 1), (502, 1), (510, 1), (485, 1), (493, 1), (487, 1), (495, 1), (501, 1), (509, 1), (503, 1)]	[0, 1, 8, 9, 16, 17, 24, 25, 64, 65, 72, 73, 80, 81, 88, 89, 128, 129, 136, 137, 144, 145, 152, 153, 192, 193, 200, 201, 208, 209, 216, 217, 256, 257, 264, 265, 272, 273, 280, 281, 320, 321, 328, 329, 336, 337, 344, 345, 384, 385, 392, 393, 400, 401, 408, 409, 448, 449, 456, 457, 464, 465, 472, 473, 512, 513, 520, 521, 528, 529, 536, 537, 576, 577, 584, 585, 592, 593, 600, 601, 640, 641, 648, 649, 656, 657, 664, 665, 704, 705, 712, 713, 720, 721, 728, 729, 768, 769, 776, 777, 784, 785, 792, 793, 832, 833, 840, 841, 848, 849, 856, 857, 896, 897, 904, 905, 912, 913, 920, 921, 960, 961, 968, 969, 976, 977, 984, 985, 1024, 1025, 1032, 1033, 1040, 1041, 1048, 1049, 1088, 1089, 1096, 1097, 1104, 1105, 1112, 1113, 1152, 1153, 1160, 1161, 1168, 1169, 1176, 1177, 1216, 1217, 1224, 1225, 1232, 1233, 1240, 1241, 1280, 1281, 1288, 1289, 1296, 1297, 1304, 1305, 1344, 1345, 1352, 1353, 1360, 1361, 1368, 1369, 1408, 1409, 1416, 1417, 1424, 1425, 1432, 1433, 1472, 1473, 1480, 1481, 1488, 1489, 1496, 1497, 1536, 1537, 1544, 1545, 1552, 1553, 1560, 1561, 1600, 1601, 1608, 1609, 1616, 1617, 1624, 1625, 1664, 1665, 1672, 1673, 1680, 1681, 1688, 1689, 1728, 1729, 1736, 1737, 1744, 1745, 1752, 1753, 1792, 1793, 1800, 1801, 1808, 1809, 1816, 1817, 1856, 1857, 1864, 1865, 1872, 1873, 1880, 1881, 1920, 1921, 1928, 1929, 1936, 1937, 1944, 1945, 1984, 1985, 1992, 1993, 2000, 2001, 2008, 2009, 2048, 2049, 2056, 2057, 2064, 2065, 2072, 2073, 2112, 2113, 2120, 2121, 2128, 2129, 2136, 2137, 2176, 2177, 2184, 2185, 2192, 2193, 2200, 2201, 2240, 2241, 2248, 2249, 2256, 2257, 2264, 2265, 2304, 2305, 2312, 2313, 2320, 2321, 2328, 2329, 2368, 2369, 2376, 2377, 2384, 2385, 2392, 2393, 2432, 2433, 2440, 2441, 2448, 2449, 2456, 2457, 2496, 2497, 2504, 2505, 2512, 2513, 2520, 2521, 2560, 2561, 2568, 2569, 2576, 2577, 2584, 2585, 2624, 2625, 2632, 2633, 2640, 2641, 2648, 2649, 2688, 2689, 2696, 2697, 2704, 2705, 2712, 2713, 2752, 2753, 2760, 2761, 2768, 2769, 2776, 2777, 2816, 2817, 2824, 2825, 2832, 2833, 2840, 2841, 2880, 2881, 2888, 2889, 2896, 2897, 2904, 2905, 2944, 2945, 2952, 2953, 2960, 2961, 2968, 2969, 3008, 3009, 3016, 3017, 3024, 3025, 3032, 3033, 3072, 3073, 3080, 3081, 3088, 3089, 3096, 3097, 3136, 3137, 3144, 3145, 3152, 3153, 3160, 3161, 3200, 3201, 3208, 3209, 3216, 3217, 3224, 3225, 3264, 3265, 3272, 3273, 3280, 3281, 3288, 3289, 3328, 3329, 3336, 3337, 3344, 3345, 3352, 3353, 3392, 3393, 3400, 3401, 3408, 3409, 3416, 3417, 3456, 3457, 3464, 3465, 3472, 3473, 3480, 3481, 3520, 3521, 3528, 3529, 3536, 3537, 3544, 3545, 3584, 3585, 3592, 3593, 3600, 3601, 3608, 3609, 3648, 3649, 3656, 3657, 3664, 3665, 3672, 3673, 3712, 3713, 3720, 3721, 3728, 3729, 3736, 3737, 3776, 3777, 3784, 3785, 3792, 3793, 3800, 3801, 3840, 3841, 3848, 3849, 3856, 3857, 3864, 3865, 3904, 3905, 3912, 3913, 3920, 3921, 3928, 3929, 3968, 3969, 3976, 3977, 3984, 3985, 3992, 3993, 4032, 4033, 4040, 4041, 4048, 4049, 4056]	
25	1	[(0, 1), (16, 1), (1, 1), (17, 1), (64, 1), (80, 1), (65, 1), (81, 1), (32, 1), (48, 1), (33, 1), (49, 1), (96, 1), (112, 1), (97, 1), (113, 1), (128, 1), (144, 1), (129, 1), (145, 1), (192, 1), (208, 1), (193, 1), (209, 1), (160, 1), (176, 1), (161, 1), (177, 1), (224, 1), (240, 1), (225, 1), (241, 1), (8, 1), (24, 1), (9, 1), (25, 1), (72, 1), (88, 1), (73, 1), (89, 1), (40, 1), (56, 1), (41, 1), (57, 1), (104, 1), (120, 1), (105, 1), (121, 1), (136, 1), (152, 1), (137, 1), (153, 1), (200, 1), (216, 1), (201, 1), (217, 1), (168, 1), (184, 1), (169, 1), (185, 1), (232, 1), (248, 1), (233, 1), (249, 1), (4, 1), (20, 1), (5, 1), (21, 1), (68, 1), (84, 1), (69, 1), (85, 1), (36, 1), (52, 1), (37, 1), (53, 1), (100, 1), (116, 1), (101, 1), (117, 1), (132, 1), (148, 1), (133, 1), (149, 1), (196, 1), (212, 1), (197, 1), (213, 1), (164, 1), (180, 1), (165, 1), (181, 1), (228, 1), (244, 1), (229, 1), (245, 1), (12, 1), (28, 1), (13, 1), (29, 1), (76, 1), (92, 1), (77, 1), (93, 1), (44, 1), (60, 1), (45, 1), (61, 1), (108, 1), (124, 1), (109, 1), (125, 1), (140, 1), (156, 1), (141, 1), (157, 1), (204, 1), (220, 1), (205, 1), (221, 1), (172, 1), (188, 1), (173, 1), (189, 1), (236, 1), (252, 1), (237, 1), (253, 1), (2, 1), (18, 1), (3, 1), (19, 1), (66, 1), (82, 1), (67, 1), (83, 1), (34, 1), (50, 1), (35, 1), (51, 1), (98, 1), (114, 1), (99, 1), (115, 1), (130, 1), (146, 1), (131, 1), (147, 1), (194, 1), (210, 1), (195, 1), (211, 1), (162, 1), (178, 1), (163, 1), (179, 1), (226, 1), (242, 1), (227, 1), (243, 1), (10, 1), (26, 1), (11, 1), (27, 1), (74, 1), (90, 1), (75, 1), (91, 1), (42, 1), (58, 1), (43, 1), (59, 1), (106, 1), (122, 1), (107, 1), (123, 1), (138, 1), (154, 1), (139, 1), (155, 1), (202, 1), (218, 1), (203, 1), (219, 1), (170, 1), (186, 1), (171, 1), (187, 1), (234, 1), (250, 1), (235, 1), (251, 1), (6, 1), (22, 1), (7, 1), (23, 1), (70, 1), (86, 1), (71, 1), (87, 1), (38, 1), (54, 1), (39, 1), (55, 1), (102, 1), (118, 1), (103, 1), (119, 1), (134, 1), (150, 1), (135, 1), (151, 1), (198, 1), (214, 1), (199, 1), (215, 1), (166, 1), (182, 1), (167, 1), (183, 1), (230, 1), (246, 1), (231, 1), (247, 1), (14, 1), (30, 1), (15, 1), (31, 1), (78, 1), (94, 1), (79, 1), (95, 1), (46, 1), (62, 1), (47, 1), (63, 1), (110, 1), (126, 1), (111, 1), (127, 1), (142, 1), (158, 1), (143, 1), (159, 1), (206, 1), (222, 1), (207, 1), (223, 1), (174, 1), (190, 1), (175, 1), (191, 1), (238, 1), (254, 1), (239, 1)]	[0, 1, 8, 9, 16, 17, 24, 25, 32, 33, 40, 41, 48, 49, 56, 57, 128, 129, 136, 137, 144, 145, 152, 153, 160, 161, 168, 169, 176, 177, 184, 185, 512, 513, 520, 521, 528, 529, 536, 537, 544, 545, 552, 553, 560, 561, 568, 569, 640, 641, 648, 649, 656, 657, 664, 665, 672, 673, 680, 681, 688, 689, 696, 697, 1024, 1025, 1032, 1033, 1040, 1041, 1048, 1049, 1056, 1057, 1064, 1065, 1072, 1073, 1080, 1081, 1152, 1153, 1160, 1161, 1168, 1169, 1176, 1177, 1184, 1185, 1192, 1193, 1200, 1201, 1208, 1209, 1536, 1537, 1544, 1545, 1552, 1553, 1560, 1561, 1568, 1569, 1576, 1577, 1584, 1585, 1592, 1593, 1664, 1665, 1672, 1673, 1680, 1681, 1688, 1689, 1696, 1697, 1704, 1705, 1712, 1713, 1720, 1721, 2048, 2049, 2056, 2057, 2064, 2065, 2072, 2073, 2080, 2081, 2088, 2089, 2096, 2097, 2104, 2105, 2176, 2177, 2184, 2185, 2192, 2193, 2200, 2201, 2208, 2209, 2216, 2217, 2224, 2225, 2232, 2233, 2560, 2561, 2568, 2569, 2576, 2577, 2584, 2585, 2592, 2593, 2600, 2601, 2608, 2609, 2616, 2617, 2688, 2689, 2696, 2697, 2704, 2705, 2712, 2713, 2720, 2721, 2728, 2729, 2736, 2737, 2744, 2745, 3072, 3073, 3080, 3081, 3088, 3089, 3096, 3097, 3104, 3105, 3112, 3113, 3120, 3121, 3128, 3129, 3200, 3201, 3208, 3209, 3216, 3217, 3224, 3225, 3232, 3233, 3240, 3241, 3248, 3249, 3256, 3257, 3584, 3585, 3592, 3593, 3600, 3601, 3608, 3609, 3616, 3617, 3624, 3625, 3632, 3633, 3640, 3641, 3712, 3713, 3720, 3721, 3728, 3729, 3736, 3737, 3744, 3745, 3752, 3753, 3760, 3761, 3768]	
1	10000000	[(0, 1)]	[0]	
20	1	[(0, 1), (16, 1), (32, 1), (48, 1), (64, 1), (80, 1), (96, 1), (112, 1), (8, 1), (24, 1), (40, 1), (56, 1), (72, 1), (88, 1), (104, 1), (120, 1), (2, 1), (18, 1), (34, 1), (50, 1), (66, 1), (82, 1), (98, 1), (114, 1), (10, 1), (26, 1), (42, 1), (58, 1), (74, 1), (90, 1), (106, 1), (122, 1), (4, 1), (20, 1), (36, 1), (52, 1), (68, 1), (84, 1), (100, 1), (116, 1), (12, 1), (28, 1), (44, 1), (60, 1), (76, 1), (92, 1), (108, 1), (124, 1), (6, 1), (22, 1), (38, 1), (54, 1), (70, 1), (86, 1), (102, 1), (118, 1), (14, 1), (30, 1), (46, 1), (62, 1), (78, 1), (94, 1), (110, 1), (126, 1), (1, 1), (17, 1), (33, 1), (49, 1), (65, 1), (81, 1), (97, 1), (113, 1), (9, 1), (25, 1), (41, 1), (57, 1), (73, 1), (89, 1), (105, 1), (121, 1), (3, 1), (19, 1), (35, 1), (51, 1), (67, 1), (83, 1), (99, 1), (115, 1), (11, 1), (27, 1), (43, 1), (59, 1), (75, 1), (91, 1), (107, 1), (123, 1), (5, 1), (21, 1), (37, 1), (53, 1), (69, 1), (85, 1), (101, 1), (117, 1), (13, 1), (29, 1), (45, 1), (61, 1), (77, 1), (93, 1), (109, 1), (125, 1), (7, 1), (23, 1), (39, 1), (55, 1), (71, 1), (87, 1), (103, 1), (119, 1), (15, 1), (31, 1), (47, 1), (63, 1), (79, 1), (95, 1), (111, 1)]	[0, 1, 4, 5, 32, 33, 36, 37, 256, 257, 260, 261, 288, 289, 292, 293, 512, 513, 516, 517, 544, 545, 548, 549, 768, 769, 772, 773, 800, 801, 804, 805, 1024, 1025, 1028, 1029, 1056, 1057, 1060, 1061, 1280, 1281, 1284, 1285, 1312, 1313, 1316, 1317, 1536, 1537, 1540, 1541, 1568, 1569, 1572, 1573, 1792, 1793, 1796, 1797, 1824, 1825, 1828, 1829, 2048, 2049, 2052, 2053, 2080, 2081, 2084, 2085, 2304, 2305, 2308, 2309, 2336, 2337, 2340, 2341, 2560, 2561, 2564, 2565, 2592, 2593, 2596, 2597, 2816, 2817, 2820, 2821, 2848, 2849, 2852, 2853, 3072, 3073, 3076, 3077, 3104, 3105, 3108, 3109, 3328, 3329, 3332, 3333, 3360, 3361, 3364, 3365, 3584, 3585, 3588, 3589, 3616, 3617, 3620, 3621, 3840, 3841, 3844, 3845, 3872, 3873, 3876]	
1	10000000	[(0, 1)]	[0]	
55	1	[(0, 1), (16, 1), (1, 1), (17, 1), (4, 1), (20, 1), (5, 1), (21, 1), (64, 1), (80, 1), (65, 1), (81, 1), (68, 1), (84, 1), (69, 1), (85, 1), (32, 1), (48, 1), (33, 1), (49, 1), (36, 1), (52, 1), (37, 1), (53, 1), (96, 1), (112, 1), (97, 1), (113, 1), (100, 1), (116, 1), (101, 1), (117, 1), (2, 1), (18, 1), (3, 1), (19, 1), (6, 1), (22, 1), (7, 1), (23, 1), (66, 1), (82, 1), (67, 1), (83, 1), (70, 1), (86, 1), (71, 1), (87, 1), (34, 1), (50, 1), (35, 1), (51, 1), (38, 1), (54, 1), (39, 1), (55, 1), (98, 1), (114, 1), (99, 1), (115, 1), (102, 1), (118, 1), (103, 1), (119, 1), (8, 1), (24, 1), (9, 1), (25, 1), (12, 1), (28, 1), (13, 1), (29, 1), (72, 1), (88, 1), (73, 1), (89, 1), (76, 1), (92, 1), (77, 1), (93, 1), (40, 1), (56, 1), (41, 1), (57, 1), (44, 1), (60, 1), (45, 1), (61, 1), (104, 1), (120, 1), (105, 1), (121, 1), (108, 1), (124, 1), (109, 1), (125, 1), (10, 1), (26, 1), (11, 1), (27, 1), (14, 1), (30, 1), (15, 1), (31, 1), (74, 1), (90, 1), (75, 1), (91, 1), (78, 1), (94, 1), (79, 1), (95, 1), (42, 1), (58, 1), (43, 1), (59, 1), (46, 1), (62, 1), (47, 1), (63, 1), (106, 1), (122, 1), (107, 1), (123, 1), (110, 1), (126, 1), (111, 1)]	[0, 1, 2, 3, 4, 5, 6, 7, 256, 257, 258, 259, 260, 261, 262, 263, 512, 513, 514, 515, 516, 517, 518, 519, 768, 769, 770, 771, 772, 773, 774, 775, 1024, 1025, 1026, 1027, 1028, 1029, 1030, 1031, 1280, 1281, 1282, 1283, 1284, 1285, 1286, 1287, 1536, 1537, 1538, 1539, 1540, 1541, 1542, 1543, 1792, 1793, 1794, 1795, 1796, 1797, 1798, 1799, 2048, 2049, 2050, 2051, 2052, 2053, 2054, 2055, 2304, 2305, 2306, 2307, 2308, 2309, 2310, 2311, 2560, 2561, 2562, 2563, 2564, 2565, 2566, 2567, 2816, 2817, 2818, 2819, 2820, 2821, 2822, 2823, 3072, 3073, 3074, 3075, 3076, 3077, 3078, 3079, 3328, 3329, 3330, 3331, 3332, 3333, 3334, 3335, 3584, 3585, 3586, 3587, 3588, 3589, 3590, 3591, 3840, 3841, 3842, 3843, 3844, 3845, 3846]	
1	10000000	[(0, 1)]	[0]	
0	10000001	[]	[]	
1	10000000	[(0, 1)]	[0]	
