0:
1	

1:
4	

2:
9	

3:
16	

4:
22	

5:
30	

6:
42	

7:
51	

8:
72	

9:
85	

10:
104	

11:
125	

12:
146	

13:
169	

14:
196	

15:
223	

16:
253	

17:
280	

18:
318	

19:
344	

20:
385	

21:
415	

22:
465	

23:
497	

24:
547	

25:
588	

26:
642	

27:
689	

28:
743	

29:
781	

30:
842	

31:
892	

32:
952	

33:
1004	

34:
1069	

35:
1125	

36:
1196	

37:
1258	

38:
1328	

39:
1396	

40:
1468	

41:
1524	

42:
1605	

43:
1671	

44:
1759	

45:
1824	

46:
1917	

47:
1979	

48:
2078	

49:
2147	

50:
2253	

51:
2325	

52:
2435	

53:
2494	

54:
2608	

55:
2678	

56:
2809	

57:
2878	

58:
3014	

59:
3071	

60:
3217	

61:
3278	

62:
3468	

63:
3538	

64:
3731	

65:
3799	

66:
0	1	0	
1	3991	1	
0	1	0	

67:
0	3	0	
3	4055	3	
0	3	0	

68:
0	6	0	
6	4243	6	
0	6	0	

69:
0	10	0	
10	4272	10	
0	10	0	

70:
0	15	0	
15	4456	15	
0	15	0	

71:
0	21	0	
21	4476	21	
0	21	0	

72:
0	28	0	
28	4661	27	
0	27	0	

73:
0	35	0	
34	4672	35	
0	35	0	

74:
0	44	0	
42	4857	43	
0	42	0	

75:
0	54	0	
52	4860	54	
0	54	0	

76:
0	65	0	
62	5053	62	
0	61	0	

77:
0	75	0	
74	5047	76	
0	75	0	

78:
0	88	0	
84	5232	86	
0	82	0	

79:
0	102	0	
101	5226	99	
0	99	0	

80:
0	113	0	
111	5407	111	
0	109	0	

81:
0	130	0	
128	5398	124	
0	130	0	

82:
0	142	0	
139	5576	138	
0	138	0	

83:
0	163	0	
156	5566	156	
0	163	0	

84:
0	176	0	
170	5738	173	
0	171	0	

85:
0	199	0	
191	5725	186	
0	198	0	

86:
0	212	0	
210	5887	205	
0	210	0	

87:
0	234	0	
233	5879	222	
0	237	0	

88:
0	251	0	
247	6039	239	
0	249	0	

89:
0	275	0	
271	6022	260	
0	279	0	

90:
0	294	0	
287	6177	279	
0	291	0	

91:
0	323	0	
316	6160	308	
0	321	0	

92:
0	345	0	
332	6305	328	
0	332	0	

93:
0	372	0	
367	6293	359	
0	368	0	

94:
0	395	0	
382	6436	376	
0	382	0	

95:
0	429	0	
419	6425	414	
0	418	0	

96:
0	448	0	
438	6565	432	
0	434	0	

97:
0	482	0	
477	6552	471	
0	477	0	

98:
0	501	0	
497	6678	490	
0	489	0	

99:
0	537	0	
533	6657	530	
0	539	0	

100:
0	565	0	
554	6783	549	
0	545	0	

101:
0	600	0	
594	6757	593	
0	606	0	

102:
0	633	0	
615	6896	616	
0	607	0	

103:
0	669	0	
658	6857	658	
0	667	0	

104:
0	704	0	
680	6992	684	
0	674	0	

105:
0	740	0	
727	6945	725	
0	739	0	

106:
0	773	0	
750	7073	755	
0	748	0	

107:
0	810	0	
800	7030	799	
0	814	0	

108:
0	846	0	
827	7157	830	
0	819	0	

109:
0	882	0	
874	7107	872	
0	890	0	

110:
0	926	0	
897	7233	909	
0	891	0	

111:
0	957	0	
952	7175	953	
0	969	0	

112:
0	1007	0	
979	7294	986	
0	970	0	

113:
0	1036	0	
1039	7239	1032	
0	1049	0	

114:
0	1089	0	
1068	7358	1069	
0	1052	0	

115:
0	1123	0	
1126	7299	1115	
0	1138	0	

116:
0	1183	0	
1155	7414	1160	
0	1141	0	

117:
0	1209	0	
1219	7346	1208	
0	1232	0	

118:
0	1277	0	
1248	7460	1257	
0	1234	0	

119:
0	1304	0	
1314	7391	1310	
0	1330	0	

120:
0	1375	0	
1342	7499	1350	
0	1326	0	

121:
0	1398	0	
1414	7427	1403	
0	1423	0	

122:
0	1478	0	
1441	7532	1445	
0	1423	0	

123:
0	1508	0	
1520	7453	1502	
0	1525	0	

124:
0	1577	0	
1541	7555	1550	
0	1534	0	

125:
0	1613	0	
1625	7473	1614	
0	1633	0	

126:
0	1678	0	
1645	7575	1660	
0	1634	0	

127:
0	1714	0	
1729	7490	1722	
0	1740	0	

128:
0	1783	0	
1753	7588	1772	
0	1740	0	

129:
0	1832	0	
1847	7498	1833	
0	1848	0	

130:
0	1896	0	
1862	7592	1885	
0	1843	0	

131:
0	1943	0	
1957	7498	1947	
0	1958	0	

132:
1	2000	1	
1973	7592	1995	
1	1960	1	

133:
2	2052	2	
2065	7498	2064	
2	2081	2	

134:
4	2115	4	
2084	7592	2106	
4	2084	4	

135:
6	2163	6	
2179	7498	2179	
6	2204	6	

136:
9	2225	9	
2195	7592	2215	
9	2203	9	

137:
11	2275	12	
2296	7498	2291	
11	2320	11	

138:
14	2340	16	
2314	7592	2323	
14	2313	16	

139:
17	2397	20	
2421	7498	2412	
18	2436	16	

140:
21	2453	24	
2438	7592	2440	
22	2428	25	

141:
27	2509	29	
2534	7498	2523	
26	2550	25	

142:
32	2562	33	
2549	7592	2553	
32	2548	33	

143:
38	2626	41	
2646	7498	2635	
37	2669	35	

144:
44	2687	44	
2659	7592	2672	
44	2655	45	

145:
50	2750	53	
2761	7498	2759	
48	2785	47	

146:
57	2808	59	
2775	7592	2795	
57	2771	58	

147:
65	2862	67	
2875	7498	2879	
59	2900	61	

148:
73	2926	72	
2883	7592	2909	
74	2878	74	

149:
81	2982	83	
2987	7498	2987	
76	3011	79	

150:
89	3035	89	
3004	7592	3009	
88	2992	90	

151:
97	3095	101	
3108	7498	3087	
90	3126	97	

152:
104	3145	108	
3120	7592	3117	
106	3107	109	

153:
113	3206	121	
3222	7498	3200	
110	3246	118	

154:
121	3257	131	
3234	7592	3225	
128	3224	130	

155:
133	3317	144	
3333	7498	3314	
132	3357	140	

156:
144	3376	151	
3349	7592	3346	
148	3335	152	

157:
159	3433	166	
3453	7498	3431	
152	3472	161	

158:
173	3493	172	
3470	7592	3470	
170	3453	174	

159:
185	3549	191	
3578	7498	3547	
175	3589	182	

160:
201	3605	202	
3577	7592	3587	
198	3566	200	

161:
209	3660	217	
3686	7498	3665	
202	3704	209	

162:
227	3715	228	
3692	7592	3706	
226	3679	230	

163:
235	3772	241	
3805	7498	3778	
230	3813	234	

164:
257	3833	254	
3801	7592	3817	
256	3793	255	

165:
264	3894	270	
3919	7498	3889	
262	3930	264	

166:
285	3950	283	
3912	7592	3930	
289	3912	287	

167:
294	4011	302	
4038	7498	4007	
295	4048	297	

168:
318	4060	316	
4028	7592	4048	
322	4032	319	

169:
330	4126	342	
4152	7498	4123	
326	4162	330	

170:
352	4177	352	
4142	7592	4166	
352	4143	351	

171:
364	4244	376	
4268	7498	4235	
361	4276	363	

172:
386	4282	387	
4246	7592	4273	
389	4250	384	

173:
403	4356	411	
4381	7498	4342	
400	4380	396	

174:
423	4390	424	
4368	7592	4379	
424	4359	419	

175:
442	4471	449	
4499	7498	4453	
434	4494	436	

176:
466	4497	460	
4480	7592	4493	
465	4475	454	

177:
480	4582	488	
4614	7498	4567	
471	4609	482	

178:
504	4606	500	
4595	7592	4601	
503	4587	498	

179:
519	4692	527	
4727	7498	4682	
512	4723	528	

180:
550	4717	537	
4706	7592	4717	
552	4702	541	

181:
561	4802	567	
4842	7498	4799	
559	4839	573	

182:
590	4831	579	
4824	7592	4828	
594	4818	584	

183:
605	4925	610	
4955	7498	4922	
606	4952	617	

184:
634	4944	624	
4925	7592	4941	
640	4923	628	

185:
657	5034	656	
5056	7498	5034	
651	5060	661	

186:
687	5052	673	
5034	7592	5055	
688	5039	675	

187:
708	5150	706	
5177	7498	5154	
700	5182	706	

188:
739	5163	720	
5156	7592	5165	
742	5158	725	

189:
757	5269	756	
5299	7498	5265	
749	5295	753	

190:
786	5276	769	
5269	7592	5270	
795	5263	781	

191:
805	5383	809	
5413	7498	5376	
800	5406	806	

192:
838	5389	822	
5384	7592	5380	
848	5375	834	

193:
864	5516	864	
5544	7498	5510	
852	5538	860	

194:
903	5525	887	
5515	7592	5519	
910	5509	897	

195:
930	5652	928	
5677	7498	5646	
917	5671	924	

196:
969	5657	952	
5646	7592	5651	
977	5640	963	

197:
0	0	1	0	0	
0	996	5782	994	0	
1	5807	7498	5776	1	
0	983	5801	990	0	
0	0	1	0	0	

198:
0	0	3	0	0	
0	1036	5785	1019	0	
3	5774	7592	5779	3	
0	1044	5768	1030	0	
0	0	3	0	0	

199:
0	0	6	0	0	
0	1064	5908	1062	0	
6	5933	7498	5902	6	
0	1051	5927	1058	0	
0	0	6	0	0	

200:
0	0	10	0	0	
0	1105	5891	1088	0	
10	5882	7592	5888	10	
0	1113	5879	1099	0	
0	0	10	0	0	

201:
0	0	15	0	0	
0	1123	6015	1125	0	
15	6039	7498	6009	15	
0	1113	6033	1119	0	
0	0	15	0	0	

202:
0	0	21	0	0	
0	1167	5993	1150	0	
21	5983	7592	5991	21	
0	1175	5981	1162	0	
0	0	21	0	0	

203:
0	0	28	0	0	
0	1179	6122	1187	0	
28	6142	7498	6111	27	
0	1178	6131	1180	0	
0	0	27	0	0	

204:
0	0	35	0	0	
0	1226	6088	1215	0	
34	6082	7592	6088	35	
0	1242	6082	1229	0	
0	0	35	0	0	

205:
0	0	44	0	0	
0	1243	6219	1253	0	
42	6238	7498	6211	43	
0	1237	6230	1246	0	
0	0	42	0	0	

206:
0	0	54	0	0	
0	1294	6180	1285	0	
52	6173	7592	6185	54	
0	1307	6178	1296	0	
0	0	54	0	0	

207:
0	0	65	0	0	
0	1313	6317	1324	0	
62	6332	7498	6313	62	
0	1301	6328	1310	0	
0	0	61	0	0	

208:
0	0	75	0	0	
0	1363	6266	1351	0	
74	6265	7592	6280	76	
0	1374	6279	1360	0	
0	0	75	0	0	

209:
0	0	88	0	0	
0	1381	6406	1383	0	
84	6420	7498	6404	86	
0	1363	6418	1371	0	
0	0	82	0	0	

210:
0	0	102	0	0	
0	1437	6360	1412	0	
101	6347	7592	6377	99	
0	1443	6364	1427	0	
0	0	99	0	0	

211:
0	0	113	0	0	
0	1451	6498	1452	0	
111	6509	7498	6490	111	
0	1433	6501	1445	0	
0	0	109	0	0	

212:
0	0	130	0	0	
0	1509	6451	1485	0	
128	6434	7592	6462	124	
0	1519	6445	1500	0	
0	0	130	0	0	

213:
0	0	142	0	0	
0	1524	6582	1525	0	
139	6590	7498	6578	138	
0	1504	6586	1513	0	
0	0	138	0	0	

214:
0	0	163	0	0	
0	1585	6538	1560	0	
156	6518	7592	6546	156	
0	1592	6526	1572	0	
0	0	163	0	0	

215:
0	0	176	0	0	
0	1592	6668	1601	0	
170	6672	7498	6658	173	
0	1577	6662	1586	0	
0	0	171	0	0	

216:
0	0	199	0	0	
0	1657	6621	1631	0	
191	6602	7592	6621	186	
0	1660	6602	1644	0	
0	0	198	0	0	

217:
0	0	212	0	0	
0	1670	6742	1674	0	
210	6741	7498	6738	205	
0	1652	6737	1657	0	
0	0	210	0	0	

218:
0	0	234	0	0	
0	1734	6699	1706	0	
233	6686	7592	6691	222	
0	1742	6678	1720	0	
0	0	237	0	0	

219:
0	0	251	0	0	
0	1744	6817	1753	0	
247	6821	7498	6810	239	
0	1723	6814	1735	0	
0	0	249	0	0	

220:
0	0	275	0	0	
0	1804	6768	1783	0	
271	6756	7592	6764	260	
0	1817	6752	1798	0	
0	0	279	0	0	

221:
0	0	294	0	0	
0	1820	6885	1827	0	
287	6885	7498	6884	279	
0	1796	6884	1808	0	
0	0	291	0	0	

222:
0	0	323	0	0	
0	1886	6837	1862	0	
316	6821	7592	6837	308	
0	1893	6821	1884	0	
0	0	321	0	0	

223:
0	0	345	0	0	
0	1902	6947	1905	0	
332	6950	7498	6947	328	
0	1876	6950	1888	0	
0	0	332	0	0	

224:
0	0	372	0	0	
0	1969	6901	1942	0	
367	6889	7592	6902	359	
0	1976	6890	1967	0	
0	0	368	0	0	

225:
0	0	395	0	0	
0	1986	7011	1991	0	
382	7015	7498	7013	376	
0	1958	7017	1966	0	
0	0	382	0	0	

226:
0	0	429	0	0	
0	2052	6966	2033	0	
419	6955	7592	6968	414	
0	2061	6957	2048	0	
0	0	418	0	0	

227:
0	0	448	0	0	
0	2073	7079	2075	0	
438	7080	7498	7077	432	
0	2043	7078	2048	0	
0	0	434	0	0	

228:
0	0	482	0	0	
0	2139	7033	2119	0	
477	7019	7592	7031	471	
0	2149	7017	2137	0	
0	0	477	0	0	

229:
0	0	501	0	0	
0	2160	7136	2156	0	
497	7134	7498	7136	490	
0	2127	7134	2137	0	
0	0	489	0	0	

230:
0	0	537	0	0	
0	2219	7084	2198	0	
533	7068	7592	7087	530	
0	2235	7071	2226	0	
0	0	539	0	0	

231:
0	0	565	0	0	
0	2246	7188	2240	0	
554	7183	7498	7192	549	
0	2211	7187	2222	0	
0	0	545	0	0	

232:
0	0	600	0	0	
0	2308	7140	2285	0	
594	7118	7592	7137	593	
0	2328	7115	2315	0	
0	0	606	0	0	

233:
0	0	633	0	0	
0	2340	7246	2331	0	
615	7241	7498	7247	616	
0	2298	7242	2305	0	
0	0	607	0	0	

234:
0	0	669	0	0	
0	2402	7184	2377	0	
658	7169	7592	7186	658	
0	2412	7171	2403	0	
0	0	667	0	0	

235:
0	0	704	0	0	
0	2435	7290	2424	0	
680	7287	7498	7297	684	
0	2387	7294	2401	0	
0	0	674	0	0	

236:
0	0	740	0	0	
0	2492	7225	2476	0	
727	7212	7592	7231	725	
0	2502	7218	2502	0	
0	0	739	0	0	

237:
0	0	773	0	0	
0	2526	7330	2518	0	
750	7326	7498	7339	755	
0	2480	7335	2498	0	
0	0	748	0	0	

238:
0	0	810	0	0	
0	2584	7268	2570	0	
800	7257	7592	7271	799	
0	2598	7260	2594	0	
0	0	814	0	0	

239:
0	0	846	0	0	
0	2620	7374	2614	0	
827	7371	7498	7378	830	
0	2574	7375	2591	0	
0	0	819	0	0	

240:
0	0	882	0	0	
0	2671	7308	2667	0	
874	7297	7592	7308	872	
0	2691	7297	2688	0	
0	0	890	0	0	

241:
0	0	926	0	0	
0	2709	7413	2716	0	
897	7411	7498	7414	909	
0	2666	7412	2683	0	
0	0	891	0	0	

242:
0	0	957	0	0	
0	2764	7343	2762	0	
952	7335	7592	7338	953	
0	2787	7330	2789	0	
0	0	969	0	0	

243:
0	0	1007	0	0	
0	2799	7441	2822	0	
979	7446	7498	7440	986	
0	2762	7445	2773	0	
0	0	970	0	0	

244:
0	0	1036	0	0	
0	2862	7373	2860	0	
1039	7368	7592	7369	1032	
0	2882	7364	2887	0	
0	0	1049	0	0	

245:
0	0	1089	0	0	
0	2899	7475	2916	0	
1068	7474	7498	7476	1069	
0	2863	7475	2873	0	
0	0	1052	0	0	

246:
0	0	1123	0	0	
0	2968	7403	2952	0	
1126	7397	7592	7400	1115	
0	2986	7394	2990	0	
0	0	1138	0	0	

247:
0	0	1183	0	0	
0	3004	7502	3016	0	
1155	7503	7498	7503	1160	
0	2971	7504	2975	0	
0	0	1141	0	0	

248:
0	0	1209	0	0	
0	3071	7426	3053	0	
1219	7422	7592	7422	1208	
0	3096	7418	3094	0	
0	0	1232	0	0	

249:
0	0	1277	0	0	
0	3110	7525	3116	0	
1248	7525	7498	7527	1257	
0	3080	7527	3083	0	
0	0	1234	0	0	

250:
0	0	1304	0	0	
0	3175	7447	3162	0	
1314	7444	7592	7445	1310	
0	3204	7442	3204	0	
0	0	1330	0	0	

251:
0	0	1375	0	0	
0	3215	7545	3224	0	
1342	7543	7498	7548	1350	
0	3182	7546	3185	0	
0	0	1326	0	0	

252:
0	0	1398	0	0	
0	3279	7464	3267	0	
1414	7462	7592	7463	1403	
0	3309	7461	3303	0	
0	0	1423	0	0	

253:
0	0	1478	0	0	
0	3326	7562	3331	0	
1441	7560	7498	7564	1445	
0	3286	7562	3290	0	
0	0	1423	0	0	

254:
0	0	1508	0	0	
0	3395	7476	3379	0	
1520	7475	7592	7476	1502	
0	3418	7475	3411	0	
0	0	1525	0	0	

255:
0	0	1577	0	0	
0	3430	7574	3440	0	
1541	7574	7498	7573	1550	
0	3391	7573	3408	0	
0	0	1534	0	0	

256:
0	0	1613	0	0	
0	3504	7486	3496	0	
1625	7486	7592	7485	1614	
0	3530	7485	3525	0	
0	0	1633	0	0	

257:
0	0	1678	0	0	
0	3534	7584	3553	0	
1645	7584	7498	7583	1660	
0	3498	7583	3514	0	
0	0	1634	0	0	

258:
0	0	1714	0	0	
0	3611	7494	3610	0	
1729	7494	7592	7494	1722	
0	3636	7494	3631	0	
0	0	1740	0	0	

259:
0	0	1783	0	0	
0	3648	7590	3668	0	
1753	7590	7498	7590	1772	
0	3601	7590	3625	0	
0	0	1740	0	0	

260:
0	0	1832	0	0	
0	3735	7498	3725	0	
1847	7498	7592	7498	1833	
0	3751	7498	3740	0	
0	0	1848	0	0	

261:
0	0	1896	0	0	
0	3758	7592	3784	0	
1862	7592	7498	7592	1885	
0	3709	7592	3733	0	
0	0	1843	0	0	

262:
0	0	1943	0	0	
0	3846	7498	3839	0	
1957	7498	7592	7498	1947	
0	3862	7498	3849	0	
0	0	1958	0	0	

263:
0	1	2000	1	0	
1	3863	7592	3891	1	
1973	7592	7498	7592	1995	
1	3829	7592	3839	1	
0	1	1960	1	0	

264:
0	2	2052	2	0	
2	3948	7498	3946	2	
2065	7498	7592	7498	2064	
2	3979	7498	3972	2	
0	2	2081	2	0	

265:
0	4	2115	4	0	
4	3974	7592	3996	4	
2084	7592	7498	7592	2106	
4	3942	7592	3959	4	
0	4	2084	4	0	

266:
0	6	2163	6	0	
6	4058	7498	4057	6	
2179	7498	7592	7498	2179	
6	4095	7498	4085	6	
0	6	2204	6	0	

267:
0	9	2225	9	0	
9	4082	7592	4102	9	
2195	7592	7498	7592	2215	
9	4055	7592	4067	9	
0	9	2203	9	0	

268:
0	11	2275	12	0	
11	4169	7498	4162	12	
2296	7498	7592	7498	2291	
11	4209	7498	4192	11	
0	11	2320	11	0	

269:
0	14	2340	16	0	
14	4198	7592	4209	16	
2314	7592	7498	7592	2323	
14	4166	7592	4164	16	
0	14	2313	16	0	

270:
0	17	2397	20	0	
17	4285	7498	4275	20	
2421	7498	7592	7498	2412	
18	4321	7498	4305	16	
0	18	2436	16	0	

271:
0	21	2453	24	0	
21	4309	7592	4314	24	
2438	7592	7498	7592	2440	
22	4274	7592	4275	25	
0	22	2428	25	0	

272:
0	27	2509	29	0	
27	4385	7498	4384	29	
2534	7498	7592	7498	2523	
26	4424	7498	4411	25	
0	26	2550	25	0	

273:
0	32	2562	33	0	
32	4405	7592	4418	33	
2549	7592	7498	7592	2553	
32	4378	7592	4384	33	
0	32	2548	33	0	

274:
0	38	2626	41	0	
38	4487	7498	4490	41	
2646	7498	7592	7498	2635	
37	4530	7498	4515	35	
0	37	2669	35	0	

275:
0	44	2687	44	0	
44	4515	7592	4522	44	
2659	7592	7498	7592	2672	
44	4475	7592	4490	45	
0	44	2655	45	0	

276:
0	50	2750	53	0	
50	4600	7498	4599	53	
2761	7498	7592	7498	2759	
48	4631	7498	4621	47	
0	48	2785	47	0	

277:
0	57	2808	59	0	
57	4619	7592	4628	59	
2775	7592	7498	7592	2795	
57	4581	7592	4596	58	
0	57	2771	58	0	

278:
0	65	2862	67	0	
65	4697	7498	4703	67	
2875	7498	7592	7498	2879	
59	4731	7498	4724	61	
0	59	2900	61	0	

279:
0	73	2926	72	0	
73	4718	7592	4731	72	
2883	7592	7498	7592	2909	
74	4672	7592	4693	74	
0	74	2878	74	0	

280:
0	81	2982	83	0	
81	4797	7498	4802	83	
2987	7498	7592	7498	2987	
76	4823	7498	4819	79	
0	76	3011	79	0	

281:
0	89	3035	89	0	
89	4811	7592	4826	89	
3004	7592	7498	7592	3009	
88	4776	7592	4781	90	
0	88	2992	90	0	

282:
0	97	3095	101	0	
97	4901	7498	4892	101	
3108	7498	7592	7498	3087	
90	4922	7498	4908	97	
0	90	3126	97	0	

283:
0	104	3145	108	0	
104	4905	7592	4916	108	
3120	7592	7498	7592	3117	
106	4881	7592	4870	109	
0	106	3107	109	0	

284:
0	113	3206	121	0	
113	4993	7498	4986	121	
3222	7498	7592	7498	3200	
110	5020	7498	5002	118	
0	110	3246	118	0	

285:
0	121	3257	131	0	
121	4992	7592	5009	131	
3234	7592	7498	7592	3225	
128	4978	7592	4962	130	
0	128	3224	130	0	

286:
0	133	3317	144	0	
133	5080	7498	5082	144	
3333	7498	7592	7498	3314	
132	5112	7498	5092	140	
0	132	3357	140	0	

287:
0	144	3376	151	0	
144	5087	7592	5105	151	
3349	7592	7498	7592	3346	
148	5070	7592	5054	152	
0	148	3335	152	0	

288:
0	159	3433	166	0	
159	5174	7498	5175	166	
3453	7498	7592	7498	3431	
152	5208	7498	5182	161	
0	152	3472	161	0	

289:
0	173	3493	172	0	
173	5183	7592	5198	172	
3470	7592	7498	7592	3470	
170	5164	7592	5150	174	
0	170	3453	174	0	

290:
0	185	3549	191	0	
185	5272	7498	5261	191	
3578	7498	7592	7498	3547	
175	5302	7498	5277	182	
0	175	3589	182	0	

291:
0	201	3605	202	0	
201	5271	7592	5283	202	
3577	7592	7498	7592	3587	
198	5250	7592	5248	200	
0	198	3566	200	0	

292:
0	209	3660	217	0	
209	5357	7498	5351	217	
3686	7498	7592	7498	3665	
202	5385	7498	5372	209	
0	202	3704	209	0	

293:
0	227	3715	228	0	
227	5356	7592	5367	228	
3692	7592	7498	7592	3706	
226	5339	7592	5336	230	
0	226	3679	230	0	

294:
0	235	3772	241	0	
235	5446	7498	5439	241	
3805	7498	7592	7498	3778	
230	5472	7498	5451	234	
0	230	3813	234	0	

295:
0	257	3833	254	0	
257	5443	7592	5452	254	
3801	7592	7498	7592	3817	
256	5419	7592	5424	255	
0	256	3793	255	0	

296:
0	264	3894	270	0	
264	5539	7498	5523	270	
3919	7498	7592	7498	3889	
262	5554	7498	5539	264	
0	262	3930	264	0	

297:
0	285	3950	283	0	
285	5529	7592	5534	283	
3912	7592	7498	7592	3930	
289	5503	7592	5511	287	
0	289	3912	287	0	

298:
0	294	4011	302	0	
294	5623	7498	5610	302	
4038	7498	7592	7498	4007	
295	5645	7498	5622	297	
0	295	4048	297	0	

299:
0	318	4060	316	0	
318	5604	7592	5619	316	
4028	7592	7498	7592	4048	
322	5591	7592	5594	319	
0	322	4032	319	0	

300:
0	330	4126	342	0	
330	5702	7498	5694	342	
4152	7498	7592	7498	4123	
326	5729	7498	5702	330	
0	326	4162	330	0	

301:
0	352	4177	352	0	
352	5683	7592	5700	352	
4142	7592	7498	7592	4166	
352	5671	7592	5676	351	
0	352	4143	351	0	

302:
0	364	4244	376	0	
364	5785	7498	5770	376	
4268	7498	7592	7498	4235	
361	5807	7498	5785	363	
0	361	4276	363	0	

303:
0	386	4282	387	0	
386	5758	7592	5771	387	
4246	7592	7498	7592	4273	
389	5743	7592	5753	384	
0	389	4250	384	0	

304:
0	403	4356	411	0	
403	5865	7498	5844	411	
4381	7498	7592	7498	4342	
400	5882	7498	5855	396	
0	400	4380	396	0	

305:
0	423	4390	424	0	
423	5837	7592	5841	424	
4368	7592	7498	7592	4379	
424	5821	7592	5824	419	
0	424	4359	419	0	

306:
0	442	4471	449	0	
442	5942	7498	5922	449	
4499	7498	7592	7498	4453	
434	5959	7498	5927	436	
0	434	4494	436	0	

307:
0	466	4497	460	0	
466	5908	7592	5915	460	
4480	7592	7498	7592	4493	
465	5894	7592	5902	454	
0	465	4475	454	0	

308:
0	480	4582	488	0	
480	6014	7498	5996	488	
4614	7498	7592	7498	4567	
471	6032	7498	6005	482	
0	471	4609	482	0	

309:
0	504	4606	500	0	
504	5979	7592	5987	500	
4595	7592	7498	7592	4601	
503	5970	7592	5972	498	
0	503	4587	498	0	

310:
0	519	4692	527	0	
519	6086	7498	6067	527	
4727	7498	7592	7498	4682	
512	6106	7498	6079	528	
0	512	4723	528	0	

311:
0	550	4717	537	0	
550	6048	7592	6058	537	
4706	7592	7498	7592	4717	
552	6042	7592	6045	541	
0	552	4702	541	0	

312:
0	561	4802	567	0	
561	6157	7498	6135	567	
4842	7498	7592	7498	4799	
559	6176	7498	6153	573	
0	559	4839	573	0	

313:
0	590	4831	579	0	
590	6122	7592	6125	579	
4824	7592	7498	7592	4828	
594	6112	7592	6115	584	
0	594	4818	584	0	

314:
0	605	4925	610	0	
605	6230	7498	6212	610	
4955	7498	7592	7498	4922	
606	6241	7498	6228	617	
0	606	4952	617	0	

315:
0	634	4944	624	0	
634	6187	7592	6194	624	
4925	7592	7498	7592	4941	
640	6173	7592	6183	628	
0	640	4923	628	0	

316:
0	657	5034	656	0	
657	6292	7498	6278	656	
5056	7498	7592	7498	5034	
651	6302	7498	6296	661	
0	651	5060	661	0	

317:
0	687	5052	673	0	
687	6248	7592	6259	673	
5034	7592	7498	7592	5055	
688	6241	7592	6252	675	
0	688	5039	675	0	

318:
0	708	5150	706	0	
708	6359	7498	6348	706	
5177	7498	7592	7498	5154	
700	6375	7498	6364	706	
0	700	5182	706	0	

319:
0	739	5163	720	0	
739	6316	7592	6318	720	
5156	7592	7498	7592	5165	
742	6311	7592	6317	725	
0	742	5158	725	0	

320:
0	757	5269	756	0	
757	6429	7498	6411	756	
5299	7498	7592	7498	5265	
749	6441	7498	6425	753	
0	749	5295	753	0	

321:
0	786	5276	769	0	
786	6379	7592	6380	769	
5269	7592	7498	7592	5270	
795	6373	7592	6373	781	
0	795	5263	781	0	

322:
0	805	5383	809	0	
805	6492	7498	6473	809	
5413	7498	7592	7498	5376	
800	6503	7498	6485	806	
0	800	5406	806	0	

323:
0	838	5389	822	0	
838	6440	7592	6441	822	
5384	7592	7498	7592	5380	
848	6436	7592	6431	834	
0	848	5375	834	0	

324:
0	864	5516	864	0	
864	6561	7498	6544	864	
5544	7498	7592	7498	5510	
852	6572	7498	6555	860	
0	852	5538	860	0	

325:
0	903	5525	887	0	
903	6508	7592	6514	887	
5515	7592	7498	7592	5519	
910	6504	7592	6502	897	
0	910	5509	897	0	

326:
0	930	5652	928	0	
930	6629	7498	6615	928	
5677	7498	7592	7498	5646	
917	6640	7498	6623	924	
0	917	5671	924	0	

327:
0	969	5657	952	0	
969	6574	7592	6581	952	
5646	7592	7498	7592	5651	
977	6570	7592	6568	963	
0	977	5640	963	0	

328:
0	0	0	1	0	0	0	
0	0	996	5782	994	0	0	
0	996	6694	7498	6680	994	0	
1	5807	7498	7592	7498	5776	1	
0	983	6705	7498	6688	990	0	
0	0	983	5801	990	0	0	
0	0	0	1	0	0	0	

329:
0	0	0	3	0	0	0	
0	0	1036	5785	1019	0	0	
0	1036	6638	7592	6645	1019	0	
3	5774	7592	7498	7592	5779	3	
0	1044	6634	7592	6632	1030	0	
0	0	1044	5768	1030	0	0	
0	0	0	3	0	0	0	

330:
0	0	0	6	0	0	0	
0	0	1064	5908	1062	0	0	
0	1064	6757	7498	6743	1062	0	
6	5933	7498	7592	7498	5902	6	
0	1051	6768	7498	6751	1058	0	
0	0	1051	5927	1058	0	0	
0	0	0	6	0	0	0	

331:
0	0	0	10	0	0	0	
0	0	1105	5891	1088	0	0	
0	1105	6692	7592	6697	1088	0	
10	5882	7592	7498	7592	5888	10	
0	1113	6688	7592	6689	1099	0	
0	0	1113	5879	1099	0	0	
0	0	0	10	0	0	0	

332:
0	0	0	15	0	0	0	
0	0	1123	6015	1125	0	0	
0	1123	6810	7498	6797	1125	0	
15	6039	7498	7592	7498	6009	15	
0	1113	6821	7498	6804	1119	0	
0	0	1113	6033	1119	0	0	
0	0	0	15	0	0	0	

333:
0	0	0	21	0	0	0	
0	0	1167	5993	1150	0	0	
0	1167	6743	7592	6748	1150	0	
21	5983	7592	7498	7592	5991	21	
0	1175	6738	7592	6741	1162	0	
0	0	1175	5981	1162	0	0	
0	0	0	21	0	0	0	

334:
0	0	0	28	0	0	0	
0	0	1179	6122	1187	0	0	
0	1179	6864	7498	6850	1187	0	
28	6142	7498	7592	7498	6111	27	
0	1178	6870	7498	6853	1180	0	
0	0	1178	6131	1180	0	0	
0	0	0	27	0	0	0	

335:
0	0	0	35	0	0	0	
0	0	1226	6088	1215	0	0	
0	1226	6789	7592	6797	1215	0	
34	6082	7592	7498	7592	6088	35	
0	1242	6791	7592	6789	1229	0	
0	0	1242	6082	1229	0	0	
0	0	0	35	0	0	0	

336:
0	0	0	44	0	0	0	
0	0	1243	6219	1253	0	0	
0	1243	6911	7498	6900	1253	0	
42	6238	7498	7592	7498	6211	43	
0	1237	6919	7498	6903	1246	0	
0	0	1237	6230	1246	0	0	
0	0	0	42	0	0	0	

337:
0	0	0	54	0	0	0	
0	0	1294	6180	1285	0	0	
0	1294	6834	7592	6844	1285	0	
52	6173	7592	7498	7592	6185	54	
0	1307	6837	7592	6839	1296	0	
0	0	1307	6178	1296	0	0	
0	0	0	54	0	0	0	

338:
0	0	0	65	0	0	0	
0	0	1313	6317	1324	0	0	
0	1313	6959	7498	6950	1324	0	
62	6332	7498	7592	7498	6313	62	
0	1301	6965	7498	6955	1310	0	
0	0	1301	6328	1310	0	0	
0	0	0	61	0	0	0	

339:
0	0	0	75	0	0	0	
0	0	1363	6266	1351	0	0	
0	1363	6877	7592	6887	1351	0	
74	6265	7592	7498	7592	6280	76	
0	1374	6886	7592	6891	1360	0	
0	0	1374	6279	1360	0	0	
0	0	0	75	0	0	0	

340:
0	0	0	88	0	0	0	
0	0	1381	6406	1383	0	0	
0	1381	7003	7498	6995	1383	0	
84	6420	7498	7592	7498	6404	86	
0	1363	7009	7498	7001	1371	0	
0	0	1363	6418	1371	0	0	
0	0	0	82	0	0	0	

341:
0	0	0	102	0	0	0	
0	0	1437	6360	1412	0	0	
0	1437	6920	7592	6938	1412	0	
101	6347	7592	7498	7592	6377	99	
0	1443	6925	7592	6937	1427	0	
0	0	1443	6364	1427	0	0	
0	0	0	99	0	0	0	

342:
0	0	0	113	0	0	0	
0	0	1451	6498	1452	0	0	
0	1451	7050	7498	7040	1452	0	
111	6509	7498	7592	7498	6490	111	
0	1433	7051	7498	7042	1445	0	
0	0	1433	6501	1445	0	0	
0	0	0	109	0	0	0	

343:
0	0	0	130	0	0	0	
0	0	1509	6451	1485	0	0	
0	1509	6966	7592	6983	1485	0	
128	6434	7592	7498	7592	6462	124	
0	1519	6966	7592	6977	1500	0	
0	0	1519	6445	1500	0	0	
0	0	0	130	0	0	0	

344:
0	0	0	142	0	0	0	
0	0	1524	6582	1525	0	0	
0	1524	7090	7498	7084	1525	0	
139	6590	7498	7592	7498	6578	138	
0	1504	7092	7498	7086	1513	0	
0	0	1504	6586	1513	0	0	
0	0	0	138	0	0	0	

345:
0	0	0	163	0	0	0	
0	0	1585	6538	1560	0	0	
0	1585	7009	7592	7027	1560	0	
156	6518	7592	7498	7592	6546	156	
0	1592	7007	7592	7017	1572	0	
0	0	1592	6526	1572	0	0	
0	0	0	163	0	0	0	

346:
0	0	0	176	0	0	0	
0	0	1592	6668	1601	0	0	
0	1592	7134	7498	7126	1601	0	
170	6672	7498	7592	7498	6658	173	
0	1577	7130	7498	7124	1586	0	
0	0	1577	6662	1586	0	0	
0	0	0	171	0	0	0	

347:
0	0	0	199	0	0	0	
0	0	1657	6621	1631	0	0	
0	1657	7055	7592	7064	1631	0	
191	6602	7592	7498	7592	6621	186	
0	1660	7045	7592	7055	1644	0	
0	0	1660	6602	1644	0	0	
0	0	0	198	0	0	0	

348:
0	0	0	212	0	0	0	
0	0	1670	6742	1674	0	0	
0	1670	7169	7498	7165	1674	0	
210	6741	7498	7592	7498	6738	205	
0	1652	7164	7498	7165	1657	0	
0	0	1652	6737	1657	0	0	
0	0	0	210	0	0	0	

349:
0	0	0	234	0	0	0	
0	0	1734	6699	1706	0	0	
0	1734	7099	7592	7098	1706	0	
233	6686	7592	7498	7592	6691	222	
0	1742	7085	7592	7091	1720	0	
0	0	1742	6678	1720	0	0	
0	0	0	237	0	0	0	

350:
0	0	0	251	0	0	0	
0	0	1744	6817	1753	0	0	
0	1744	7208	7498	7201	1753	0	
247	6821	7498	7592	7498	6810	239	
0	1723	7205	7498	7201	1735	0	
0	0	1723	6814	1735	0	0	
0	0	0	249	0	0	0	

351:
0	0	0	275	0	0	0	
0	0	1804	6768	1783	0	0	
0	1804	7133	7592	7133	1783	0	
271	6756	7592	7498	7592	6764	260	
0	1817	7121	7592	7129	1798	0	
0	0	1817	6752	1798	0	0	
0	0	0	279	0	0	0	

352:
0	0	0	294	0	0	0	
0	0	1820	6885	1827	0	0	
0	1820	7239	7498	7238	1827	0	
287	6885	7498	7592	7498	6884	279	
0	1796	7238	7498	7238	1808	0	
0	0	1796	6884	1808	0	0	
0	0	0	291	0	0	0	

353:
0	0	0	323	0	0	0	
0	0	1886	6837	1862	0	0	
0	1886	7165	7592	7170	1862	0	
316	6821	7592	7498	7592	6837	308	
0	1893	7154	7592	7165	1884	0	
0	0	1893	6821	1884	0	0	
0	0	0	321	0	0	0	

354:
0	0	0	345	0	0	0	
0	0	1902	6947	1905	0	0	
0	1902	7270	7498	7269	1905	0	
332	6950	7498	7592	7498	6947	328	
0	1876	7272	7498	7270	1888	0	
0	0	1876	6950	1888	0	0	
0	0	0	332	0	0	0	

355:
0	0	0	372	0	0	0	
0	0	1969	6901	1942	0	0	
0	1969	7197	7592	7202	1942	0	
367	6889	7592	7498	7592	6902	359	
0	1976	7190	7592	7198	1967	0	
0	0	1976	6890	1967	0	0	
0	0	0	368	0	0	0	

356:
0	0	0	395	0	0	0	
0	0	1986	7011	1991	0	0	
0	1986	7301	7498	7302	1991	0	
382	7015	7498	7592	7498	7013	376	
0	1958	7306	7498	7303	1966	0	
0	0	1958	7017	1966	0	0	
0	0	0	382	0	0	0	

357:
0	0	0	429	0	0	0	
0	0	2052	6966	2033	0	0	
0	2052	7230	7592	7234	2033	0	
419	6955	7592	7498	7592	6968	414	
0	2061	7223	7592	7232	2048	0	
0	0	2061	6957	2048	0	0	
0	0	0	418	0	0	0	

358:
0	0	0	448	0	0	0	
0	0	2073	7079	2075	0	0	
0	2073	7336	7498	7335	2075	0	
438	7080	7498	7592	7498	7077	432	
0	2043	7336	7498	7334	2048	0	
0	0	2043	7078	2048	0	0	
0	0	0	434	0	0	0	

359:
0	0	0	482	0	0	0	
0	0	2139	7033	2119	0	0	
0	2139	7263	7592	7268	2119	0	
477	7019	7592	7498	7592	7031	471	
0	2149	7254	7592	7261	2137	0	
0	0	2149	7017	2137	0	0	
0	0	0	477	0	0	0	

360:
0	0	0	501	0	0	0	
0	0	2160	7136	2156	0	0	
0	2160	7362	7498	7366	2156	0	
497	7134	7498	7592	7498	7136	490	
0	2127	7364	7498	7362	2137	0	
0	0	2127	7134	2137	0	0	
0	0	0	489	0	0	0	

361:
0	0	0	537	0	0	0	
0	0	2219	7084	2198	0	0	
0	2219	7286	7592	7296	2198	0	
533	7068	7592	7498	7592	7087	530	
0	2235	7280	7592	7289	2226	0	
0	0	2235	7071	2226	0	0	
0	0	0	539	0	0	0	

362:
0	0	0	565	0	0	0	
0	0	2246	7188	2240	0	0	
0	2246	7387	7498	7393	2240	0	
554	7183	7498	7592	7498	7192	549	
0	2211	7388	7498	7391	2222	0	
0	0	2211	7187	2222	0	0	
0	0	0	545	0	0	0	

363:
0	0	0	600	0	0	0	
0	0	2308	7140	2285	0	0	
0	2308	7315	7592	7323	2285	0	
594	7118	7592	7498	7592	7137	593	
0	2328	7301	7592	7312	2315	0	
0	0	2328	7115	2315	0	0	
0	0	0	606	0	0	0	

364:
0	0	0	633	0	0	0	
0	0	2340	7246	2331	0	0	
0	2340	7417	7498	7421	2331	0	
615	7241	7498	7592	7498	7247	616	
0	2298	7416	7498	7418	2305	0	
0	0	2298	7242	2305	0	0	
0	0	0	607	0	0	0	

365:
0	0	0	669	0	0	0	
0	0	2402	7184	2377	0	0	
0	2402	7337	7592	7345	2377	0	
658	7169	7592	7498	7592	7186	658	
0	2412	7330	7592	7339	2403	0	
0	0	2412	7171	2403	0	0	
0	0	0	667	0	0	0	

366:
0	0	0	704	0	0	0	
0	0	2435	7290	2424	0	0	
0	2435	7438	7498	7444	2424	0	
680	7287	7498	7592	7498	7297	684	
0	2387	7441	7498	7445	2401	0	
0	0	2387	7294	2401	0	0	
0	0	0	674	0	0	0	

367:
0	0	0	740	0	0	0	
0	0	2492	7225	2476	0	0	
0	2492	7357	7592	7366	2476	0	
727	7212	7592	7498	7592	7231	725	
0	2502	7353	7592	7363	2502	0	
0	0	2502	7218	2502	0	0	
0	0	0	739	0	0	0	

368:
0	0	0	773	0	0	0	
0	0	2526	7330	2518	0	0	
0	2526	7459	7498	7463	2518	0	
750	7326	7498	7592	7498	7339	755	
0	2480	7459	7498	7468	2498	0	
0	0	2480	7335	2498	0	0	
0	0	0	748	0	0	0	

369:
0	0	0	810	0	0	0	
0	0	2584	7268	2570	0	0	
0	2584	7380	7592	7386	2570	0	
800	7257	7592	7498	7592	7271	799	
0	2598	7375	7592	7383	2594	0	
0	0	2598	7260	2594	0	0	
0	0	0	814	0	0	0	

370:
0	0	0	846	0	0	0	
0	0	2620	7374	2614	0	0	
0	2620	7483	7498	7483	2614	0	
827	7371	7498	7592	7498	7378	830	
0	2574	7480	7498	7487	2591	0	
0	0	2574	7375	2591	0	0	
0	0	0	819	0	0	0	

371:
0	0	0	882	0	0	0	
0	0	2671	7308	2667	0	0	
0	2671	7400	7592	7406	2667	0	
874	7297	7592	7498	7592	7308	872	
0	2691	7395	7592	7400	2688	0	
0	0	2691	7297	2688	0	0	
0	0	0	890	0	0	0	

372:
0	0	0	926	0	0	0	
0	0	2709	7413	2716	0	0	
0	2709	7501	7498	7504	2716	0	
897	7411	7498	7592	7498	7414	909	
0	2666	7502	7498	7502	2683	0	
0	0	2666	7412	2683	0	0	
0	0	0	891	0	0	0	

373:
0	0	0	957	0	0	0	
0	0	2764	7343	2762	0	0	
0	2764	7419	7592	7422	2762	0	
952	7335	7592	7498	7592	7338	953	
0	2787	7414	7592	7414	2789	0	
0	0	2787	7330	2789	0	0	
0	0	0	969	0	0	0	

374:
0	0	0	1007	0	0	0	
0	0	2799	7441	2822	0	0	
0	2799	7518	7498	7515	2822	0	
979	7446	7498	7592	7498	7440	986	
0	2762	7520	7498	7517	2773	0	
0	0	2762	7445	2773	0	0	
0	0	0	970	0	0	0	

375:
0	0	0	1036	0	0	0	
0	0	2862	7373	2860	0	0	
0	2862	7435	7592	7436	2860	0	
1039	7368	7592	7498	7592	7369	1032	
0	2882	7431	7592	7431	2887	0	
0	0	2882	7364	2887	0	0	
0	0	0	1049	0	0	0	

376:
0	0	0	1089	0	0	0	
0	0	2899	7475	2916	0	0	
0	2899	7533	7498	7534	2916	0	
1068	7474	7498	7592	7498	7476	1069	
0	2863	7533	7498	7534	2873	0	
0	0	2863	7475	2873	0	0	
0	0	0	1052	0	0	0	

377:
0	0	0	1123	0	0	0	
0	0	2968	7403	2952	0	0	
0	2968	7451	7592	7450	2952	0	
1126	7397	7592	7498	7592	7400	1115	
0	2986	7444	7592	7448	2990	0	
0	0	2986	7394	2990	0	0	
0	0	0	1138	0	0	0	

378:
0	0	0	1183	0	0	0	
0	0	3004	7502	3016	0	0	
0	3004	7547	7498	7547	3016	0	
1155	7503	7498	7592	7498	7503	1160	
0	2971	7548	7498	7548	2975	0	
0	0	2971	7504	2975	0	0	
0	0	0	1141	0	0	0	

379:
0	0	0	1209	0	0	0	
0	0	3071	7426	3053	0	0	
0	3071	7463	7592	7461	3053	0	
1219	7422	7592	7498	7592	7422	1208	
0	3096	7457	7592	7459	3094	0	
0	0	3096	7418	3094	0	0	
0	0	0	1232	0	0	0	

380:
0	0	0	1277	0	0	0	
0	0	3110	7525	3116	0	0	
0	3110	7558	7498	7559	3116	0	
1248	7525	7498	7592	7498	7527	1257	
0	3080	7559	7498	7560	3083	0	
0	0	3080	7527	3083	0	0	
0	0	0	1234	0	0	0	

381:
0	0	0	1304	0	0	0	
0	0	3175	7447	3162	0	0	
0	3175	7473	7592	7472	3162	0	
1314	7444	7592	7498	7592	7445	1310	
0	3204	7469	7592	7471	3204	0	
0	0	3204	7442	3204	0	0	
0	0	0	1330	0	0	0	

382:
0	0	0	1375	0	0	0	
0	0	3215	7545	3224	0	0	
0	3215	7567	7498	7570	3224	0	
1342	7543	7498	7592	7498	7548	1350	
0	3182	7568	7498	7570	3185	0	
0	0	3182	7546	3185	0	0	
0	0	0	1326	0	0	0	

383:
0	0	0	1398	0	0	0	
0	0	3279	7464	3267	0	0	
0	3279	7482	7592	7480	3267	0	
1414	7462	7592	7498	7592	7463	1403	
0	3309	7478	7592	7481	3303	0	
0	0	3309	7461	3303	0	0	
0	0	0	1423	0	0	0	

384:
0	0	0	1478	0	0	0	
0	0	3326	7562	3331	0	0	
0	3326	7576	7498	7578	3331	0	
1441	7560	7498	7592	7498	7564	1445	
0	3286	7576	7498	7578	3290	0	
0	0	3286	7562	3290	0	0	
0	0	0	1423	0	0	0	

385:
0	0	0	1508	0	0	0	
0	0	3395	7476	3379	0	0	
0	3395	7487	7592	7487	3379	0	
1520	7475	7592	7498	7592	7476	1502	
0	3418	7486	7592	7487	3411	0	
0	0	3418	7475	3411	0	0	
0	0	0	1525	0	0	0	

386:
0	0	0	1577	0	0	0	
0	0	3430	7574	3440	0	0	
0	3430	7583	7498	7583	3440	0	
1541	7574	7498	7592	7498	7573	1550	
0	3391	7583	7498	7582	3408	0	
0	0	3391	7573	3408	0	0	
0	0	0	1534	0	0	0	

387:
0	0	0	1613	0	0	0	
0	0	3504	7486	3496	0	0	
0	3504	7492	7592	7492	3496	0	
1625	7486	7592	7498	7592	7485	1614	
0	3530	7492	7592	7491	3525	0	
0	0	3530	7485	3525	0	0	
0	0	0	1633	0	0	0	

388:
0	0	0	1678	0	0	0	
0	0	3534	7584	3553	0	0	
0	3534	7588	7498	7588	3553	0	
1645	7584	7498	7592	7498	7583	1660	
0	3498	7588	7498	7587	3514	0	
0	0	3498	7583	3514	0	0	
0	0	0	1634	0	0	0	

389:
0	0	0	1714	0	0	0	
0	0	3611	7494	3610	0	0	
0	3611	7496	7592	7496	3610	0	
1729	7494	7592	7498	7592	7494	1722	
0	3636	7496	7592	7496	3631	0	
0	0	3636	7494	3631	0	0	
0	0	0	1740	0	0	0	

390:
0	0	0	1783	0	0	0	
0	0	3648	7590	3668	0	0	
0	3648	7591	7498	7591	3668	0	
1753	7590	7498	7592	7498	7590	1772	
0	3601	7591	7498	7591	3625	0	
0	0	3601	7590	3625	0	0	
0	0	0	1740	0	0	0	

391:
0	0	0	1832	0	0	0	
0	0	3735	7498	3725	0	0	
0	3735	7498	7592	7498	3725	0	
1847	7498	7592	7498	7592	7498	1833	
0	3751	7498	7592	7498	3740	0	
0	0	3751	7498	3740	0	0	
0	0	0	1848	0	0	0	

392:
0	0	0	1896	0	0	0	
0	0	3758	7592	3784	0	0	
0	3758	7592	7498	7592	3784	0	
1862	7592	7498	7592	7498	7592	1885	
0	3709	7592	7498	7592	3733	0	
0	0	3709	7592	3733	0	0	
0	0	0	1843	0	0	0	

393:
0	0	0	1943	0	0	0	
0	0	3846	7498	3839	0	0	
0	3846	7498	7592	7498	3839	0	
1957	7498	7592	7498	7592	7498	1947	
0	3862	7498	7592	7498	3849	0	
0	0	3862	7498	3849	0	0	
0	0	0	1958	0	0	0	

394:
0	0	1	2000	1	0	0	
0	1	3863	7592	3891	1	0	
1	3863	7592	7498	7592	3891	1	
1973	7592	7498	7592	7498	7592	1995	
1	3829	7592	7498	7592	3839	1	
0	1	3829	7592	3839	1	0	
0	0	1	1960	1	0	0	

395:
0	0	2	2052	2	0	0	
0	2	3948	7498	3946	2	0	
2	3948	7498	7592	7498	3946	2	
2065	7498	7592	7498	7592	7498	2064	
2	3979	7498	7592	7498	3972	2	
0	2	3979	7498	3972	2	0	
0	0	2	2081	2	0	0	

396:
0	0	4	2115	4	0	0	
0	4	3974	7592	3996	4	0	
4	3974	7592	7498	7592	3996	4	
2084	7592	7498	7592	7498	7592	2106	
4	3942	7592	7498	7592	3959	4	
0	4	3942	7592	3959	4	0	
0	0	4	2084	4	0	0	

397:
0	0	6	2163	6	0	0	
0	6	4058	7498	4057	6	0	
6	4058	7498	7592	7498	4057	6	
2179	7498	7592	7498	7592	7498	2179	
6	4095	7498	7592	7498	4085	6	
0	6	4095	7498	4085	6	0	
0	0	6	2204	6	0	0	

398:
0	0	9	2225	9	0	0	
0	9	4082	7592	4102	9	0	
9	4082	7592	7498	7592	4102	9	
2195	7592	7498	7592	7498	7592	2215	
9	4055	7592	7498	7592	4067	9	
0	9	4055	7592	4067	9	0	
0	0	9	2203	9	0	0	

399:
0	0	11	2275	12	0	0	
0	11	4169	7498	4162	12	0	
11	4169	7498	7592	7498	4162	12	
2296	7498	7592	7498	7592	7498	2291	
11	4209	7498	7592	7498	4192	11	
0	11	4209	7498	4192	11	0	
0	0	11	2320	11	0	0	

400:
0	0	14	2340	16	0	0	
0	14	4198	7592	4209	16	0	
14	4198	7592	7498	7592	4209	16	
2314	7592	7498	7592	7498	7592	2323	
14	4166	7592	7498	7592	4164	16	
0	14	4166	7592	4164	16	0	
0	0	14	2313	16	0	0	

401:
0	0	17	2397	20	0	0	
0	17	4285	7498	4275	20	0	
17	4285	7498	7592	7498	4275	20	
2421	7498	7592	7498	7592	7498	2412	
18	4321	7498	7592	7498	4305	16	
0	18	4321	7498	4305	16	0	
0	0	18	2436	16	0	0	

402:
0	0	21	2453	24	0	0	
0	21	4309	7592	4314	24	0	
21	4309	7592	7498	7592	4314	24	
2438	7592	7498	7592	7498	7592	2440	
22	4274	7592	7498	7592	4275	25	
0	22	4274	7592	4275	25	0	
0	0	22	2428	25	0	0	

403:
0	0	27	2509	29	0	0	
0	27	4385	7498	4384	29	0	
27	4385	7498	7592	7498	4384	29	
2534	7498	7592	7498	7592	7498	2523	
26	4424	7498	7592	7498	4411	25	
0	26	4424	7498	4411	25	0	
0	0	26	2550	25	0	0	

404:
0	0	32	2562	33	0	0	
0	32	4405	7592	4418	33	0	
32	4405	7592	7498	7592	4418	33	
2549	7592	7498	7592	7498	7592	2553	
32	4378	7592	7498	7592	4384	33	
0	32	4378	7592	4384	33	0	
0	0	32	2548	33	0	0	

405:
0	0	38	2626	41	0	0	
0	38	4487	7498	4490	41	0	
38	4487	7498	7592	7498	4490	41	
2646	7498	7592	7498	7592	7498	2635	
37	4530	7498	7592	7498	4515	35	
0	37	4530	7498	4515	35	0	
0	0	37	2669	35	0	0	

406:
0	0	44	2687	44	0	0	
0	44	4515	7592	4522	44	0	
44	4515	7592	7498	7592	4522	44	
2659	7592	7498	7592	7498	7592	2672	
44	4475	7592	7498	7592	4490	45	
0	44	4475	7592	4490	45	0	
0	0	44	2655	45	0	0	

407:
0	0	50	2750	53	0	0	
0	50	4600	7498	4599	53	0	
50	4600	7498	7592	7498	4599	53	
2761	7498	7592	7498	7592	7498	2759	
48	4631	7498	7592	7498	4621	47	
0	48	4631	7498	4621	47	0	
0	0	48	2785	47	0	0	

408:
0	0	57	2808	59	0	0	
0	57	4619	7592	4628	59	0	
57	4619	7592	7498	7592	4628	59	
2775	7592	7498	7592	7498	7592	2795	
57	4581	7592	7498	7592	4596	58	
0	57	4581	7592	4596	58	0	
0	0	57	2771	58	0	0	

409:
0	0	65	2862	67	0	0	
0	65	4697	7498	4703	67	0	
65	4697	7498	7592	7498	4703	67	
2875	7498	7592	7498	7592	7498	2879	
59	4731	7498	7592	7498	4724	61	
0	59	4731	7498	4724	61	0	
0	0	59	2900	61	0	0	

410:
0	0	73	2926	72	0	0	
0	73	4718	7592	4731	72	0	
73	4718	7592	7498	7592	4731	72	
2883	7592	7498	7592	7498	7592	2909	
74	4672	7592	7498	7592	4693	74	
0	74	4672	7592	4693	74	0	
0	0	74	2878	74	0	0	

411:
0	0	81	2982	83	0	0	
0	81	4797	7498	4802	83	0	
81	4797	7498	7592	7498	4802	83	
2987	7498	7592	7498	7592	7498	2987	
76	4823	7498	7592	7498	4819	79	
0	76	4823	7498	4819	79	0	
0	0	76	3011	79	0	0	

412:
0	0	89	3035	89	0	0	
0	89	4811	7592	4826	89	0	
89	4811	7592	7498	7592	4826	89	
3004	7592	7498	7592	7498	7592	3009	
88	4776	7592	7498	7592	4781	90	
0	88	4776	7592	4781	90	0	
0	0	88	2992	90	0	0	

413:
0	0	97	3095	101	0	0	
0	97	4901	7498	4892	101	0	
97	4901	7498	7592	7498	4892	101	
3108	7498	7592	7498	7592	7498	3087	
90	4922	7498	7592	7498	4908	97	
0	90	4922	7498	4908	97	0	
0	0	90	3126	97	0	0	

414:
0	0	104	3145	108	0	0	
0	104	4905	7592	4916	108	0	
104	4905	7592	7498	7592	4916	108	
3120	7592	7498	7592	7498	7592	3117	
106	4881	7592	7498	7592	4870	109	
0	106	4881	7592	4870	109	0	
0	0	106	3107	109	0	0	

415:
0	0	113	3206	121	0	0	
0	113	4993	7498	4986	121	0	
113	4993	7498	7592	7498	4986	121	
3222	7498	7592	7498	7592	7498	3200	
110	5020	7498	7592	7498	5002	118	
0	110	5020	7498	5002	118	0	
0	0	110	3246	118	0	0	

416:
0	0	121	3257	131	0	0	
0	121	4992	7592	5009	131	0	
121	4992	7592	7498	7592	5009	131	
3234	7592	7498	7592	7498	7592	3225	
128	4978	7592	7498	7592	4962	130	
0	128	4978	7592	4962	130	0	
0	0	128	3224	130	0	0	

417:
0	0	133	3317	144	0	0	
0	133	5080	7498	5082	144	0	
133	5080	7498	7592	7498	5082	144	
3333	7498	7592	7498	7592	7498	3314	
132	5112	7498	7592	7498	5092	140	
0	132	5112	7498	5092	140	0	
0	0	132	3357	140	0	0	

418:
0	0	144	3376	151	0	0	
0	144	5087	7592	5105	151	0	
144	5087	7592	7498	7592	5105	151	
3349	7592	7498	7592	7498	7592	3346	
148	5070	7592	7498	7592	5054	152	
0	148	5070	7592	5054	152	0	
0	0	148	3335	152	0	0	

419:
0	0	159	3433	166	0	0	
0	159	5174	7498	5175	166	0	
159	5174	7498	7592	7498	5175	166	
3453	7498	7592	7498	7592	7498	3431	
152	5208	7498	7592	7498	5182	161	
0	152	5208	7498	5182	161	0	
0	0	152	3472	161	0	0	

420:
0	0	173	3493	172	0	0	
0	173	5183	7592	5198	172	0	
173	5183	7592	7498	7592	5198	172	
3470	7592	7498	7592	7498	7592	3470	
170	5164	7592	7498	7592	5150	174	
0	170	5164	7592	5150	174	0	
0	0	170	3453	174	0	0	

421:
0	0	185	3549	191	0	0	
0	185	5272	7498	5261	191	0	
185	5272	7498	7592	7498	5261	191	
3578	7498	7592	7498	7592	7498	3547	
175	5302	7498	7592	7498	5277	182	
0	175	5302	7498	5277	182	0	
0	0	175	3589	182	0	0	

422:
0	0	201	3605	202	0	0	
0	201	5271	7592	5283	202	0	
201	5271	7592	7498	7592	5283	202	
3577	7592	7498	7592	7498	7592	3587	
198	5250	7592	7498	7592	5248	200	
0	198	5250	7592	5248	200	0	
0	0	198	3566	200	0	0	

423:
0	0	209	3660	217	0	0	
0	209	5357	7498	5351	217	0	
209	5357	7498	7592	7498	5351	217	
3686	7498	7592	7498	7592	7498	3665	
202	5385	7498	7592	7498	5372	209	
0	202	5385	7498	5372	209	0	
0	0	202	3704	209	0	0	

424:
0	0	227	3715	228	0	0	
0	227	5356	7592	5367	228	0	
227	5356	7592	7498	7592	5367	228	
3692	7592	7498	7592	7498	7592	3706	
226	5339	7592	7498	7592	5336	230	
0	226	5339	7592	5336	230	0	
0	0	226	3679	230	0	0	

425:
0	0	235	3772	241	0	0	
0	235	5446	7498	5439	241	0	
235	5446	7498	7592	7498	5439	241	
3805	7498	7592	7498	7592	7498	3778	
230	5472	7498	7592	7498	5451	234	
0	230	5472	7498	5451	234	0	
0	0	230	3813	234	0	0	

426:
0	0	257	3833	254	0	0	
0	257	5443	7592	5452	254	0	
257	5443	7592	7498	7592	5452	254	
3801	7592	7498	7592	7498	7592	3817	
256	5419	7592	7498	7592	5424	255	
0	256	5419	7592	5424	255	0	
0	0	256	3793	255	0	0	

427:
0	0	264	3894	270	0	0	
0	264	5539	7498	5523	270	0	
264	5539	7498	7592	7498	5523	270	
3919	7498	7592	7498	7592	7498	3889	
262	5554	7498	7592	7498	5539	264	
0	262	5554	7498	5539	264	0	
0	0	262	3930	264	0	0	

428:
0	0	285	3950	283	0	0	
0	285	5529	7592	5534	283	0	
285	5529	7592	7498	7592	5534	283	
3912	7592	7498	7592	7498	7592	3930	
289	5503	7592	7498	7592	5511	287	
0	289	5503	7592	5511	287	0	
0	0	289	3912	287	0	0	

429:
0	0	294	4011	302	0	0	
0	294	5623	7498	5610	302	0	
294	5623	7498	7592	7498	5610	302	
4038	7498	7592	7498	7592	7498	4007	
295	5645	7498	7592	7498	5622	297	
0	295	5645	7498	5622	297	0	
0	0	295	4048	297	0	0	

430:
0	0	318	4060	316	0	0	
0	318	5604	7592	5619	316	0	
318	5604	7592	7498	7592	5619	316	
4028	7592	7498	7592	7498	7592	4048	
322	5591	7592	7498	7592	5594	319	
0	322	5591	7592	5594	319	0	
0	0	322	4032	319	0	0	

431:
0	0	330	4126	342	0	0	
0	330	5702	7498	5694	342	0	
330	5702	7498	7592	7498	5694	342	
4152	7498	7592	7498	7592	7498	4123	
326	5729	7498	7592	7498	5702	330	
0	326	5729	7498	5702	330	0	
0	0	326	4162	330	0	0	

432:
0	0	352	4177	352	0	0	
0	352	5683	7592	5700	352	0	
352	5683	7592	7498	7592	5700	352	
4142	7592	7498	7592	7498	7592	4166	
352	5671	7592	7498	7592	5676	351	
0	352	5671	7592	5676	351	0	
0	0	352	4143	351	0	0	

433:
0	0	364	4244	376	0	0	
0	364	5785	7498	5770	376	0	
364	5785	7498	7592	7498	5770	376	
4268	7498	7592	7498	7592	7498	4235	
361	5807	7498	7592	7498	5785	363	
0	361	5807	7498	5785	363	0	
0	0	361	4276	363	0	0	

434:
0	0	386	4282	387	0	0	
0	386	5758	7592	5771	387	0	
386	5758	7592	7498	7592	5771	387	
4246	7592	7498	7592	7498	7592	4273	
389	5743	7592	7498	7592	5753	384	
0	389	5743	7592	5753	384	0	
0	0	389	4250	384	0	0	

435:
0	0	403	4356	411	0	0	
0	403	5865	7498	5844	411	0	
403	5865	7498	7592	7498	5844	411	
4381	7498	7592	7498	7592	7498	4342	
400	5882	7498	7592	7498	5855	396	
0	400	5882	7498	5855	396	0	
0	0	400	4380	396	0	0	

436:
0	0	423	4390	424	0	0	
0	423	5837	7592	5841	424	0	
423	5837	7592	7498	7592	5841	424	
4368	7592	7498	7592	7498	7592	4379	
424	5821	7592	7498	7592	5824	419	
0	424	5821	7592	5824	419	0	
0	0	424	4359	419	0	0	

437:
0	0	442	4471	449	0	0	
0	442	5942	7498	5922	449	0	
442	5942	7498	7592	7498	5922	449	
4499	7498	7592	7498	7592	7498	4453	
434	5959	7498	7592	7498	5927	436	
0	434	5959	7498	5927	436	0	
0	0	434	4494	436	0	0	

438:
0	0	466	4497	460	0	0	
0	466	5908	7592	5915	460	0	
466	5908	7592	7498	7592	5915	460	
4480	7592	7498	7592	7498	7592	4493	
465	5894	7592	7498	7592	5902	454	
0	465	5894	7592	5902	454	0	
0	0	465	4475	454	0	0	

439:
0	0	480	4582	488	0	0	
0	480	6014	7498	5996	488	0	
480	6014	7498	7592	7498	5996	488	
4614	7498	7592	7498	7592	7498	4567	
471	6032	7498	7592	7498	6005	482	
0	471	6032	7498	6005	482	0	
0	0	471	4609	482	0	0	

440:
0	0	504	4606	500	0	0	
0	504	5979	7592	5987	500	0	
504	5979	7592	7498	7592	5987	500	
4595	7592	7498	7592	7498	7592	4601	
503	5970	7592	7498	7592	5972	498	
0	503	5970	7592	5972	498	0	
0	0	503	4587	498	0	0	

441:
0	0	519	4692	527	0	0	
0	519	6086	7498	6067	527	0	
519	6086	7498	7592	7498	6067	527	
4727	7498	7592	7498	7592	7498	4682	
512	6106	7498	7592	7498	6079	528	
0	512	6106	7498	6079	528	0	
0	0	512	4723	528	0	0	

442:
0	0	550	4717	537	0	0	
0	550	6048	7592	6058	537	0	
550	6048	7592	7498	7592	6058	537	
4706	7592	7498	7592	7498	7592	4717	
552	6042	7592	7498	7592	6045	541	
0	552	6042	7592	6045	541	0	
0	0	552	4702	541	0	0	

443:
0	0	561	4802	567	0	0	
0	561	6157	7498	6135	567	0	
561	6157	7498	7592	7498	6135	567	
4842	7498	7592	7498	7592	7498	4799	
559	6176	7498	7592	7498	6153	573	
0	559	6176	7498	6153	573	0	
0	0	559	4839	573	0	0	

444:
0	0	590	4831	579	0	0	
0	590	6122	7592	6125	579	0	
590	6122	7592	7498	7592	6125	579	
4824	7592	7498	7592	7498	7592	4828	
594	6112	7592	7498	7592	6115	584	
0	594	6112	7592	6115	584	0	
0	0	594	4818	584	0	0	

445:
0	0	605	4925	610	0	0	
0	605	6230	7498	6212	610	0	
605	6230	7498	7592	7498	6212	610	
4955	7498	7592	7498	7592	7498	4922	
606	6241	7498	7592	7498	6228	617	
0	606	6241	7498	6228	617	0	
0	0	606	4952	617	0	0	

446:
0	0	634	4944	624	0	0	
0	634	6187	7592	6194	624	0	
634	6187	7592	7498	7592	6194	624	
4925	7592	7498	7592	7498	7592	4941	
640	6173	7592	7498	7592	6183	628	
0	640	6173	7592	6183	628	0	
0	0	640	4923	628	0	0	

447:
0	0	657	5034	656	0	0	
0	657	6292	7498	6278	656	0	
657	6292	7498	7592	7498	6278	656	
5056	7498	7592	7498	7592	7498	5034	
651	6302	7498	7592	7498	6296	661	
0	651	6302	7498	6296	661	0	
0	0	651	5060	661	0	0	

448:
0	0	687	5052	673	0	0	
0	687	6248	7592	6259	673	0	
687	6248	7592	7498	7592	6259	673	
5034	7592	7498	7592	7498	7592	5055	
688	6241	7592	7498	7592	6252	675	
0	688	6241	7592	6252	675	0	
0	0	688	5039	675	0	0	

449:
0	0	708	5150	706	0	0	
0	708	6359	7498	6348	706	0	
708	6359	7498	7592	7498	6348	706	
5177	7498	7592	7498	7592	7498	5154	
700	6375	7498	7592	7498	6364	706	
0	700	6375	7498	6364	706	0	
0	0	700	5182	706	0	0	

450:
0	0	739	5163	720	0	0	
0	739	6316	7592	6318	720	0	
739	6316	7592	7498	7592	6318	720	
5156	7592	7498	7592	7498	7592	5165	
742	6311	7592	7498	7592	6317	725	
0	742	6311	7592	6317	725	0	
0	0	742	5158	725	0	0	

451:
0	0	757	5269	756	0	0	
0	757	6429	7498	6411	756	0	
757	6429	7498	7592	7498	6411	756	
5299	7498	7592	7498	7592	7498	5265	
749	6441	7498	7592	7498	6425	753	
0	749	6441	7498	6425	753	0	
0	0	749	5295	753	0	0	

452:
0	0	786	5276	769	0	0	
0	786	6379	7592	6380	769	0	
786	6379	7592	7498	7592	6380	769	
5269	7592	7498	7592	7498	7592	5270	
795	6373	7592	7498	7592	6373	781	
0	795	6373	7592	6373	781	0	
0	0	795	5263	781	0	0	

453:
0	0	805	5383	809	0	0	
0	805	6492	7498	6473	809	0	
805	6492	7498	7592	7498	6473	809	
5413	7498	7592	7498	7592	7498	5376	
800	6503	7498	7592	7498	6485	806	
0	800	6503	7498	6485	806	0	
0	0	800	5406	806	0	0	

454:
0	0	838	5389	822	0	0	
0	838	6440	7592	6441	822	0	
838	6440	7592	7498	7592	6441	822	
5384	7592	7498	7592	7498	7592	5380	
848	6436	7592	7498	7592	6431	834	
0	848	6436	7592	6431	834	0	
0	0	848	5375	834	0	0	

455:
0	0	864	5516	864	0	0	
0	864	6561	7498	6544	864	0	
864	6561	7498	7592	7498	6544	864	
5544	7498	7592	7498	7592	7498	5510	
852	6572	7498	7592	7498	6555	860	
0	852	6572	7498	6555	860	0	
0	0	852	5538	860	0	0	

456:
0	0	903	5525	887	0	0	
0	903	6508	7592	6514	887	0	
903	6508	7592	7498	7592	6514	887	
5515	7592	7498	7592	7498	7592	5519	
910	6504	7592	7498	7592	6502	897	
0	910	6504	7592	6502	897	0	
0	0	910	5509	897	0	0	

457:
0	0	930	5652	928	0	0	
0	930	6629	7498	6615	928	0	
930	6629	7498	7592	7498	6615	928	
5677	7498	7592	7498	7592	7498	5646	
917	6640	7498	7592	7498	6623	924	
0	917	6640	7498	6623	924	0	
0	0	917	5671	924	0	0	

458:
0	0	969	5657	952	0	0	
0	969	6574	7592	6581	952	0	
969	6574	7592	7498	7592	6581	952	
5646	7592	7498	7592	7498	7592	5651	
977	6570	7592	7498	7592	6568	963	
0	977	6570	7592	6568	963	0	
0	0	977	5640	963	0	0	

459:
0	0	0	0	1	0	0	0	0	
0	0	0	996	5782	994	0	0	0	
0	0	996	6694	7498	6680	994	0	0	
0	996	6694	7498	7592	7498	6680	994	0	
1	5807	7498	7592	7498	7592	7498	5776	1	
0	983	6705	7498	7592	7498	6688	990	0	
0	0	983	6705	7498	6688	990	0	0	
0	0	0	983	5801	990	0	0	0	
0	0	0	0	1	0	0	0	0	

460:
0	0	0	0	3	0	0	0	0	
0	0	0	1036	5785	1019	0	0	0	
0	0	1036	6638	7592	6645	1019	0	0	
0	1036	6638	7592	7498	7592	6645	1019	0	
3	5774	7592	7498	7592	7498	7592	5779	3	
0	1044	6634	7592	7498	7592	6632	1030	0	
0	0	1044	6634	7592	6632	1030	0	0	
0	0	0	1044	5768	1030	0	0	0	
0	0	0	0	3	0	0	0	0	

461:
0	0	0	0	6	0	0	0	0	
0	0	0	1064	5908	1062	0	0	0	
0	0	1064	6757	7498	6743	1062	0	0	
0	1064	6757	7498	7592	7498	6743	1062	0	
6	5933	7498	7592	7498	7592	7498	5902	6	
0	1051	6768	7498	7592	7498	6751	1058	0	
0	0	1051	6768	7498	6751	1058	0	0	
0	0	0	1051	5927	1058	0	0	0	
0	0	0	0	6	0	0	0	0	

462:
0	0	0	0	10	0	0	0	0	
0	0	0	1105	5891	1088	0	0	0	
0	0	1105	6692	7592	6697	1088	0	0	
0	1105	6692	7592	7498	7592	6697	1088	0	
10	5882	7592	7498	7592	7498	7592	5888	10	
0	1113	6688	7592	7498	7592	6689	1099	0	
0	0	1113	6688	7592	6689	1099	0	0	
0	0	0	1113	5879	1099	0	0	0	
0	0	0	0	10	0	0	0	0	

463:
0	0	0	0	15	0	0	0	0	
0	0	0	1123	6015	1125	0	0	0	
0	0	1123	6810	7498	6797	1125	0	0	
0	1123	6810	7498	7592	7498	6797	1125	0	
15	6039	7498	7592	7498	7592	7498	6009	15	
0	1113	6821	7498	7592	7498	6804	1119	0	
0	0	1113	6821	7498	6804	1119	0	0	
0	0	0	1113	6033	1119	0	0	0	
0	0	0	0	15	0	0	0	0	

464:
0	0	0	0	21	0	0	0	0	
0	0	0	1167	5993	1150	0	0	0	
0	0	1167	6743	7592	6748	1150	0	0	
0	1167	6743	7592	7498	7592	6748	1150	0	
21	5983	7592	7498	7592	7498	7592	5991	21	
0	1175	6738	7592	7498	7592	6741	1162	0	
0	0	1175	6738	7592	6741	1162	0	0	
0	0	0	1175	5981	1162	0	0	0	
0	0	0	0	21	0	0	0	0	

465:
0	0	0	0	28	0	0	0	0	
0	0	0	1179	6122	1187	0	0	0	
0	0	1179	6864	7498	6850	1187	0	0	
0	1179	6864	7498	7592	7498	6850	1187	0	
28	6142	7498	7592	7498	7592	7498	6111	27	
0	1178	6870	7498	7592	7498	6853	1180	0	
0	0	1178	6870	7498	6853	1180	0	0	
0	0	0	1178	6131	1180	0	0	0	
0	0	0	0	27	0	0	0	0	

466:
0	0	0	0	35	0	0	0	0	
0	0	0	1226	6088	1215	0	0	0	
0	0	1226	6789	7592	6797	1215	0	0	
0	1226	6789	7592	7498	7592	6797	1215	0	
34	6082	7592	7498	7592	7498	7592	6088	35	
0	1242	6791	7592	7498	7592	6789	1229	0	
0	0	1242	6791	7592	6789	1229	0	0	
0	0	0	1242	6082	1229	0	0	0	
0	0	0	0	35	0	0	0	0	

467:
0	0	0	0	44	0	0	0	0	
0	0	0	1243	6219	1253	0	0	0	
0	0	1243	6911	7498	6900	1253	0	0	
0	1243	6911	7498	7592	7498	6900	1253	0	
42	6238	7498	7592	7498	7592	7498	6211	43	
0	1237	6919	7498	7592	7498	6903	1246	0	
0	0	1237	6919	7498	6903	1246	0	0	
0	0	0	1237	6230	1246	0	0	0	
0	0	0	0	42	0	0	0	0	

468:
0	0	0	0	54	0	0	0	0	
0	0	0	1294	6180	1285	0	0	0	
0	0	1294	6834	7592	6844	1285	0	0	
0	1294	6834	7592	7498	7592	6844	1285	0	
52	6173	7592	7498	7592	7498	7592	6185	54	
0	1307	6837	7592	7498	7592	6839	1296	0	
0	0	1307	6837	7592	6839	1296	0	0	
0	0	0	1307	6178	1296	0	0	0	
0	0	0	0	54	0	0	0	0	

469:
0	0	0	0	65	0	0	0	0	
0	0	0	1313	6317	1324	0	0	0	
0	0	1313	6959	7498	6950	1324	0	0	
0	1313	6959	7498	7592	7498	6950	1324	0	
62	6332	7498	7592	7498	7592	7498	6313	62	
0	1301	6965	7498	7592	7498	6955	1310	0	
0	0	1301	6965	7498	6955	1310	0	0	
0	0	0	1301	6328	1310	0	0	0	
0	0	0	0	61	0	0	0	0	

470:
0	0	0	0	75	0	0	0	0	
0	0	0	1363	6266	1351	0	0	0	
0	0	1363	6877	7592	6887	1351	0	0	
0	1363	6877	7592	7498	7592	6887	1351	0	
74	6265	7592	7498	7592	7498	7592	6280	76	
0	1374	6886	7592	7498	7592	6891	1360	0	
0	0	1374	6886	7592	6891	1360	0	0	
0	0	0	1374	6279	1360	0	0	0	
0	0	0	0	75	0	0	0	0	

471:
0	0	0	0	88	0	0	0	0	
0	0	0	1381	6406	1383	0	0	0	
0	0	1381	7003	7498	6995	1383	0	0	
0	1381	7003	7498	7592	7498	6995	1383	0	
84	6420	7498	7592	7498	7592	7498	6404	86	
0	1363	7009	7498	7592	7498	7001	1371	0	
0	0	1363	7009	7498	7001	1371	0	0	
0	0	0	1363	6418	1371	0	0	0	
0	0	0	0	82	0	0	0	0	

472:
0	0	0	0	102	0	0	0	0	
0	0	0	1437	6360	1412	0	0	0	
0	0	1437	6920	7592	6938	1412	0	0	
0	1437	6920	7592	7498	7592	6938	1412	0	
101	6347	7592	7498	7592	7498	7592	6377	99	
0	1443	6925	7592	7498	7592	6937	1427	0	
0	0	1443	6925	7592	6937	1427	0	0	
0	0	0	1443	6364	1427	0	0	0	
0	0	0	0	99	0	0	0	0	

473:
0	0	0	0	113	0	0	0	0	
0	0	0	1451	6498	1452	0	0	0	
0	0	1451	7050	7498	7040	1452	0	0	
0	1451	7050	7498	7592	7498	7040	1452	0	
111	6509	7498	7592	7498	7592	7498	6490	111	
0	1433	7051	7498	7592	7498	7042	1445	0	
0	0	1433	7051	7498	7042	1445	0	0	
0	0	0	1433	6501	1445	0	0	0	
0	0	0	0	109	0	0	0	0	

474:
0	0	0	0	130	0	0	0	0	
0	0	0	1509	6451	1485	0	0	0	
0	0	1509	6966	7592	6983	1485	0	0	
0	1509	6966	7592	7498	7592	6983	1485	0	
128	6434	7592	7498	7592	7498	7592	6462	124	
0	1519	6966	7592	7498	7592	6977	1500	0	
0	0	1519	6966	7592	6977	1500	0	0	
0	0	0	1519	6445	1500	0	0	0	
0	0	0	0	130	0	0	0	0	

475:
0	0	0	0	142	0	0	0	0	
0	0	0	1524	6582	1525	0	0	0	
0	0	1524	7090	7498	7084	1525	0	0	
0	1524	7090	7498	7592	7498	7084	1525	0	
139	6590	7498	7592	7498	7592	7498	6578	138	
0	1504	7092	7498	7592	7498	7086	1513	0	
0	0	1504	7092	7498	7086	1513	0	0	
0	0	0	1504	6586	1513	0	0	0	
0	0	0	0	138	0	0	0	0	

476:
0	0	0	0	163	0	0	0	0	
0	0	0	1585	6538	1560	0	0	0	
0	0	1585	7009	7592	7027	1560	0	0	
0	1585	7009	7592	7498	7592	7027	1560	0	
156	6518	7592	7498	7592	7498	7592	6546	156	
0	1592	7007	7592	7498	7592	7017	1572	0	
0	0	1592	7007	7592	7017	1572	0	0	
0	0	0	1592	6526	1572	0	0	0	
0	0	0	0	163	0	0	0	0	

477:
0	0	0	0	176	0	0	0	0	
0	0	0	1592	6668	1601	0	0	0	
0	0	1592	7134	7498	7126	1601	0	0	
0	1592	7134	7498	7592	7498	7126	1601	0	
170	6672	7498	7592	7498	7592	7498	6658	173	
0	1577	7130	7498	7592	7498	7124	1586	0	
0	0	1577	7130	7498	7124	1586	0	0	
0	0	0	1577	6662	1586	0	0	0	
0	0	0	0	171	0	0	0	0	

478:
0	0	0	0	199	0	0	0	0	
0	0	0	1657	6621	1631	0	0	0	
0	0	1657	7055	7592	7064	1631	0	0	
0	1657	7055	7592	7498	7592	7064	1631	0	
191	6602	7592	7498	7592	7498	7592	6621	186	
0	1660	7045	7592	7498	7592	7055	1644	0	
0	0	1660	7045	7592	7055	1644	0	0	
0	0	0	1660	6602	1644	0	0	0	
0	0	0	0	198	0	0	0	0	

479:
0	0	0	0	212	0	0	0	0	
0	0	0	1670	6742	1674	0	0	0	
0	0	1670	7169	7498	7165	1674	0	0	
0	1670	7169	7498	7592	7498	7165	1674	0	
210	6741	7498	7592	7498	7592	7498	6738	205	
0	1652	7164	7498	7592	7498	7165	1657	0	
0	0	1652	7164	7498	7165	1657	0	0	
0	0	0	1652	6737	1657	0	0	0	
0	0	0	0	210	0	0	0	0	

480:
0	0	0	0	234	0	0	0	0	
0	0	0	1734	6699	1706	0	0	0	
0	0	1734	7099	7592	7098	1706	0	0	
0	1734	7099	7592	7498	7592	7098	1706	0	
233	6686	7592	7498	7592	7498	7592	6691	222	
0	1742	7085	7592	7498	7592	7091	1720	0	
0	0	1742	7085	7592	7091	1720	0	0	
0	0	0	1742	6678	1720	0	0	0	
0	0	0	0	237	0	0	0	0	

481:
0	0	0	0	251	0	0	0	0	
0	0	0	1744	6817	1753	0	0	0	
0	0	1744	7208	7498	7201	1753	0	0	
0	1744	7208	7498	7592	7498	7201	1753	0	
247	6821	7498	7592	7498	7592	7498	6810	239	
0	1723	7205	7498	7592	7498	7201	1735	0	
0	0	1723	7205	7498	7201	1735	0	0	
0	0	0	1723	6814	1735	0	0	0	
0	0	0	0	249	0	0	0	0	

482:
0	0	0	0	275	0	0	0	0	
0	0	0	1804	6768	1783	0	0	0	
0	0	1804	7133	7592	7133	1783	0	0	
0	1804	7133	7592	7498	7592	7133	1783	0	
271	6756	7592	7498	7592	7498	7592	6764	260	
0	1817	7121	7592	7498	7592	7129	1798	0	
0	0	1817	7121	7592	7129	1798	0	0	
0	0	0	1817	6752	1798	0	0	0	
0	0	0	0	279	0	0	0	0	

483:
0	0	0	0	294	0	0	0	0	
0	0	0	1820	6885	1827	0	0	0	
0	0	1820	7239	7498	7238	1827	0	0	
0	1820	7239	7498	7592	7498	7238	1827	0	
287	6885	7498	7592	7498	7592	7498	6884	279	
0	1796	7238	7498	7592	7498	7238	1808	0	
0	0	1796	7238	7498	7238	1808	0	0	
0	0	0	1796	6884	1808	0	0	0	
0	0	0	0	291	0	0	0	0	

484:
0	0	0	0	323	0	0	0	0	
0	0	0	1886	6837	1862	0	0	0	
0	0	1886	7165	7592	7170	1862	0	0	
0	1886	7165	7592	7498	7592	7170	1862	0	
316	6821	7592	7498	7592	7498	7592	6837	308	
0	1893	7154	7592	7498	7592	7165	1884	0	
0	0	1893	7154	7592	7165	1884	0	0	
0	0	0	1893	6821	1884	0	0	0	
0	0	0	0	321	0	0	0	0	

485:
0	0	0	0	345	0	0	0	0	
0	0	0	1902	6947	1905	0	0	0	
0	0	1902	7270	7498	7269	1905	0	0	
0	1902	7270	7498	7592	7498	7269	1905	0	
332	6950	7498	7592	7498	7592	7498	6947	328	
0	1876	7272	7498	7592	7498	7270	1888	0	
0	0	1876	7272	7498	7270	1888	0	0	
0	0	0	1876	6950	1888	0	0	0	
0	0	0	0	332	0	0	0	0	

486:
0	0	0	0	372	0	0	0	0	
0	0	0	1969	6901	1942	0	0	0	
0	0	1969	7197	7592	7202	1942	0	0	
0	1969	7197	7592	7498	7592	7202	1942	0	
367	6889	7592	7498	7592	7498	7592	6902	359	
0	1976	7190	7592	7498	7592	7198	1967	0	
0	0	1976	7190	7592	7198	1967	0	0	
0	0	0	1976	6890	1967	0	0	0	
0	0	0	0	368	0	0	0	0	

487:
0	0	0	0	395	0	0	0	0	
0	0	0	1986	7011	1991	0	0	0	
0	0	1986	7301	7498	7302	1991	0	0	
0	1986	7301	7498	7592	7498	7302	1991	0	
382	7015	7498	7592	7498	7592	7498	7013	376	
0	1958	7306	7498	7592	7498	7303	1966	0	
0	0	1958	7306	7498	7303	1966	0	0	
0	0	0	1958	7017	1966	0	0	0	
0	0	0	0	382	0	0	0	0	

488:
0	0	0	0	429	0	0	0	0	
0	0	0	2052	6966	2033	0	0	0	
0	0	2052	7230	7592	7234	2033	0	0	
0	2052	7230	7592	7498	7592	7234	2033	0	
419	6955	7592	7498	7592	7498	7592	6968	414	
0	2061	7223	7592	7498	7592	7232	2048	0	
0	0	2061	7223	7592	7232	2048	0	0	
0	0	0	2061	6957	2048	0	0	0	
0	0	0	0	418	0	0	0	0	

489:
0	0	0	0	448	0	0	0	0	
0	0	0	2073	7079	2075	0	0	0	
0	0	2073	7336	7498	7335	2075	0	0	
0	2073	7336	7498	7592	7498	7335	2075	0	
438	7080	7498	7592	7498	7592	7498	7077	432	
0	2043	7336	7498	7592	7498	7334	2048	0	
0	0	2043	7336	7498	7334	2048	0	0	
0	0	0	2043	7078	2048	0	0	0	
0	0	0	0	434	0	0	0	0	

490:
0	0	0	0	482	0	0	0	0	
0	0	0	2139	7033	2119	0	0	0	
0	0	2139	7263	7592	7268	2119	0	0	
0	2139	7263	7592	7498	7592	7268	2119	0	
477	7019	7592	7498	7592	7498	7592	7031	471	
0	2149	7254	7592	7498	7592	7261	2137	0	
0	0	2149	7254	7592	7261	2137	0	0	
0	0	0	2149	7017	2137	0	0	0	
0	0	0	0	477	0	0	0	0	

491:
0	0	0	0	501	0	0	0	0	
0	0	0	2160	7136	2156	0	0	0	
0	0	2160	7362	7498	7366	2156	0	0	
0	2160	7362	7498	7592	7498	7366	2156	0	
497	7134	7498	7592	7498	7592	7498	7136	490	
0	2127	7364	7498	7592	7498	7362	2137	0	
0	0	2127	7364	7498	7362	2137	0	0	
0	0	0	2127	7134	2137	0	0	0	
0	0	0	0	489	0	0	0	0	

492:
0	0	0	0	537	0	0	0	0	
0	0	0	2219	7084	2198	0	0	0	
0	0	2219	7286	7592	7296	2198	0	0	
0	2219	7286	7592	7498	7592	7296	2198	0	
533	7068	7592	7498	7592	7498	7592	7087	530	
0	2235	7280	7592	7498	7592	7289	2226	0	
0	0	2235	7280	7592	7289	2226	0	0	
0	0	0	2235	7071	2226	0	0	0	
0	0	0	0	539	0	0	0	0	

493:
0	0	0	0	565	0	0	0	0	
0	0	0	2246	7188	2240	0	0	0	
0	0	2246	7387	7498	7393	2240	0	0	
0	2246	7387	7498	7592	7498	7393	2240	0	
554	7183	7498	7592	7498	7592	7498	7192	549	
0	2211	7388	7498	7592	7498	7391	2222	0	
0	0	2211	7388	7498	7391	2222	0	0	
0	0	0	2211	7187	2222	0	0	0	
0	0	0	0	545	0	0	0	0	

494:
0	0	0	0	600	0	0	0	0	
0	0	0	2308	7140	2285	0	0	0	
0	0	2308	7315	7592	7323	2285	0	0	
0	2308	7315	7592	7498	7592	7323	2285	0	
594	7118	7592	7498	7592	7498	7592	7137	593	
0	2328	7301	7592	7498	7592	7312	2315	0	
0	0	2328	7301	7592	7312	2315	0	0	
0	0	0	2328	7115	2315	0	0	0	
0	0	0	0	606	0	0	0	0	

495:
0	0	0	0	633	0	0	0	0	
0	0	0	2340	7246	2331	0	0	0	
0	0	2340	7417	7498	7421	2331	0	0	
0	2340	7417	7498	7592	7498	7421	2331	0	
615	7241	7498	7592	7498	7592	7498	7247	616	
0	2298	7416	7498	7592	7498	7418	2305	0	
0	0	2298	7416	7498	7418	2305	0	0	
0	0	0	2298	7242	2305	0	0	0	
0	0	0	0	607	0	0	0	0	

496:
0	0	0	0	669	0	0	0	0	
0	0	0	2402	7184	2377	0	0	0	
0	0	2402	7337	7592	7345	2377	0	0	
0	2402	7337	7592	7498	7592	7345	2377	0	
658	7169	7592	7498	7592	7498	7592	7186	658	
0	2412	7330	7592	7498	7592	7339	2403	0	
0	0	2412	7330	7592	7339	2403	0	0	
0	0	0	2412	7171	2403	0	0	0	
0	0	0	0	667	0	0	0	0	

497:
0	0	0	0	704	0	0	0	0	
0	0	0	2435	7290	2424	0	0	0	
0	0	2435	7438	7498	7444	2424	0	0	
0	2435	7438	7498	7592	7498	7444	2424	0	
680	7287	7498	7592	7498	7592	7498	7297	684	
0	2387	7441	7498	7592	7498	7445	2401	0	
0	0	2387	7441	7498	7445	2401	0	0	
0	0	0	2387	7294	2401	0	0	0	
0	0	0	0	674	0	0	0	0	

498:
0	0	0	0	740	0	0	0	0	
0	0	0	2492	7225	2476	0	0	0	
0	0	2492	7357	7592	7366	2476	0	0	
0	2492	7357	7592	7498	7592	7366	2476	0	
727	7212	7592	7498	7592	7498	7592	7231	725	
0	2502	7353	7592	7498	7592	7363	2502	0	
0	0	2502	7353	7592	7363	2502	0	0	
0	0	0	2502	7218	2502	0	0	0	
0	0	0	0	739	0	0	0	0	

499:
0	0	0	0	773	0	0	0	0	
0	0	0	2526	7330	2518	0	0	0	
0	0	2526	7459	7498	7463	2518	0	0	
0	2526	7459	7498	7592	7498	7463	2518	0	
750	7326	7498	7592	7498	7592	7498	7339	755	
0	2480	7459	7498	7592	7498	7468	2498	0	
0	0	2480	7459	7498	7468	2498	0	0	
0	0	0	2480	7335	2498	0	0	0	
0	0	0	0	748	0	0	0	0	

500:
0	0	0	0	810	0	0	0	0	
0	0	0	2584	7268	2570	0	0	0	
0	0	2584	7380	7592	7386	2570	0	0	
0	2584	7380	7592	7498	7592	7386	2570	0	
800	7257	7592	7498	7592	7498	7592	7271	799	
0	2598	7375	7592	7498	7592	7383	2594	0	
0	0	2598	7375	7592	7383	2594	0	0	
0	0	0	2598	7260	2594	0	0	0	
0	0	0	0	814	0	0	0	0	

750:
0	0	0	0	0	0	429	0	0	0	0	0	0	
0	0	0	0	0	2052	6966	2033	0	0	0	0	0	
0	0	0	0	2052	7230	7592	7234	2033	0	0	0	0	
0	0	0	2052	7230	7592	7498	7592	7234	2033	0	0	0	
0	0	2052	7230	7592	7498	7592	7498	7592	7234	2033	0	0	
0	2052	7230	7592	7498	7592	7498	7592	7498	7592	7234	2033	0	
419	6955	7592	7498	7592	7498	7592	7498	7592	7498	7592	6968	414	
0	2061	7223	7592	7498	7592	7498	7592	7498	7592	7232	2048	0	
0	0	2061	7223	7592	7498	7592	7498	7592	7232	2048	0	0	
0	0	0	2061	7223	7592	7498	7592	7232	2048	0	0	0	
0	0	0	0	2061	7223	7592	7232	2048	0	0	0	0	
0	0	0	0	0	2061	6957	2048	0	0	0	0	0	
0	0	0	0	0	0	418	0	0	0	0	0	0	

1000:
0	0	0	0	0	0	0	0	163	0	0	0	0	0	0	0	0	
0	0	0	0	0	0	0	1585	6538	1560	0	0	0	0	0	0	0	
0	0	0	0	0	0	1585	7009	7592	7027	1560	0	0	0	0	0	0	
0	0	0	0	0	1585	7009	7592	7498	7592	7027	1560	0	0	0	0	0	
0	0	0	0	1585	7009	7592	7498	7592	7498	7592	7027	1560	0	0	0	0	
0	0	0	1585	7009	7592	7498	7592	7498	7592	7498	7592	7027	1560	0	0	0	
0	0	1585	7009	7592	7498	7592	7498	7592	7498	7592	7498	7592	7027	1560	0	0	
0	1585	7009	7592	7498	7592	7498	7592	7498	7592	7498	7592	7498	7592	7027	1560	0	
156	6518	7592	7498	7592	7498	7592	7498	7592	7498	7592	7498	7592	7498	7592	6546	156	
0	1592	7007	7592	7498	7592	7498	7592	7498	7592	7498	7592	7498	7592	7017	1572	0	
0	0	1592	7007	7592	7498	7592	7498	7592	7498	7592	7498	7592	7017	1572	0	0	
0	0	0	1592	7007	7592	7498	7592	7498	7592	7498	7592	7017	1572	0	0	0	
0	0	0	0	1592	7007	7592	7498	7592	7498	7592	7017	1572	0	0	0	0	
0	0	0	0	0	1592	7007	7592	7498	7592	7017	1572	0	0	0	0	0	
0	0	0	0	0	0	1592	7007	7592	7017	1572	0	0	0	0	0	0	
0	0	0	0	0	0	0	1592	6526	1572	0	0	0	0	0	0	0	
0	0	0	0	0	0	0	0	163	0	0	0	0	0	0	0	0	

