1,3,154~9,3,154
6,1,26~6,9,26
2,8,44~9,8,44
1,8,98~9,8,98
0,4,147~1,4,147
0,5,282~5,5,282
2,0,35~7,0,35
1,1,98~9,1,98
2,3,253~2,9,253
2,3,279~8,3,279
4,2,215~6,2,215
3,2,189~5,2,189
3,8,89~7,8,89
4,4,119~7,4,119
1,2,22~1,3,22
2,7,55~8,7,55
6,2,78~6,5,78
1,4,74~7,4,74
1,3,35~3,3,35
2,1,271~9,1,271
2,3,64~3,3,64
4,4,59~7,4,59
2,9,147~3,9,147
1,1,232~2,1,232
4,9,44~8,9,44
9,0,183~9,3,183
5,0,268~5,6,268
7,2,117~7,2,117
0,3,116~1,3,116
8,1,294~8,1,294
2,8,4~7,8,4
9,2,67~9,6,67
6,3,196~6,3,196
1,0,43~1,0,46
1,3,283~9,3,283
1,8,31~2,8,31
4,3,91~4,3,91
2,6,289~3,6,289
1,0,60~1,4,60
4,8,115~4,8,115
2,4,227~4,4,227
1,2,179~1,2,179
0,4,219~9,4,219
3,7,206~5,7,206
3,7,134~8,7,134
3,4,264~3,4,264
0,9,18~0,9,18
4,9,6~5,9,6
4,6,165~8,6,165
2,0,282~9,0,282
4,2,2~7,2,2
2,2,66~3,2,66
4,4,208~7,4,208
6,1,139~6,5,139
1,7,109~7,7,109
3,8,295~7,8,295
4,2,248~9,2,248
3,7,274~8,7,274
9,0,295~9,0,295
4,9,236~6,9,236
3,1,22~3,2,22
0,0,298~0,9,298
2,5,177~2,5,177
9,1,184~9,9,184
9,0,292~9,2,292
3,3,259~8,3,259
4,6,147~7,6,147
2,4,277~8,4,277
2,3,6~2,3,6
2,3,16~3,3,16
1,2,184~6,2,184
3,0,218~6,0,218
1,3,190~3,3,190
6,3,87~6,8,87
8,0,186~8,0,189
9,3,49~9,5,49
2,2,136~3,2,136
3,4,236~7,4,236
1,1,52~3,1,52
1,2,6~7,2,6
2,4,107~2,4,107
2,7,169~3,7,169
1,9,165~2,9,165
8,4,81~8,6,81
3,7,184~5,7,184
4,1,292~7,1,292
9,4,254~9,7,254
3,4,185~3,6,185
3,5,158~7,5,158
5,0,167~5,8,167
0,9,243~3,9,243
1,9,281~6,9,281
2,6,41~8,6,41
4,6,15~5,6,15
3,7,69~8,7,69
2,6,80~6,6,80
7,2,49~7,6,49
5,4,49~5,7,49
0,4,125~0,4,125
8,2,241~8,6,241
3,4,111~3,6,111
3,5,281~7,5,281
4,4,233~4,4,233
3,2,181~3,6,181
9,4,153~9,4,153
4,9,68~6,9,68
2,0,286~2,0,286
0,4,14~4,4,14
3,7,27~5,7,27
0,1,160~0,1,160
8,0,152~8,2,152
1,1,44~3,1,44
4,2,135~4,4,135
4,9,239~8,9,239
7,1,189~7,4,189
4,1,205~7,1,205
2,7,147~7,7,147
9,4,237~9,7,237
0,1,57~0,6,57
4,2,229~4,2,229
7,4,68~7,6,68
0,8,119~6,8,119
1,1,198~9,1,198
4,2,249~4,2,249
3,0,112~7,0,112
9,1,11~9,5,11
4,6,266~6,6,266
0,0,57~0,0,57
0,0,13~9,0,13
3,3,117~3,6,117
3,5,219~3,5,219
3,2,295~3,5,295
4,9,231~9,9,231
0,5,275~0,5,275
2,4,1~2,5,1
1,8,279~6,8,279
2,0,202~2,0,202
4,3,202~8,3,202
4,4,26~4,4,26
4,3,216~4,3,216
3,4,196~6,4,196
1,0,100~4,0,100
1,1,190~4,1,190
2,3,297~2,3,297
2,5,221~8,5,221
0,8,8~7,8,8
4,3,66~4,8,66
4,5,101~6,5,101
0,4,165~6,4,165
2,2,62~2,8,62
0,8,251~2,8,251
0,1,166~0,1,166
7,4,102~7,8,102
5,0,77~5,9,77
6,1,260~6,8,260
5,2,95~5,4,95
3,9,90~3,9,90
8,1,263~8,7,263
2,4,169~6,4,169
3,9,154~4,9,154
0,2,19~0,2,19
4,5,235~7,5,235
1,5,50~6,5,50
1,2,10~2,2,10
6,4,76~6,4,76
2,7,265~6,7,265
2,1,94~2,4,94
4,8,144~6,8,144
4,4,25~4,4,25
3,4,297~3,4,297
4,6,106~9,6,106
1,2,227~3,2,227
3,5,292~8,5,292
2,5,166~6,5,166
4,6,103~7,6,103
6,1,144~6,6,144
7,0,92~7,3,92
0,8,67~8,8,67
2,5,273~5,5,273
9,1,53~9,8,53
2,3,8~2,5,8
0,3,180~0,3,180
1,5,168~4,5,168
1,5,241~6,5,241
3,9,82~5,9,82
0,0,16~7,0,16
6,0,165~6,2,165
0,2,124~0,3,124
7,2,171~7,4,171
2,7,225~9,7,225
8,3,105~8,9,105
0,6,190~4,6,190
4,2,93~4,5,93
1,2,111~9,2,111
4,7,139~7,7,139
5,2,5~5,8,5
3,9,198~8,9,198
4,5,248~9,5,248
0,0,210~0,3,210
2,5,159~4,5,159
0,3,14~9,3,14
2,5,153~8,5,153
6,2,114~6,7,114
4,8,28~7,8,28
4,0,71~9,0,71
0,4,284~3,4,284
9,1,118~9,9,118
4,1,135~4,1,135
3,8,114~9,8,114
1,2,202~8,2,202
2,3,281~6,3,281
1,6,34~4,6,34
2,7,229~6,7,229
1,5,6~2,5,6
2,4,296~6,4,296
3,0,175~3,9,175
3,6,287~3,6,287
0,0,48~6,0,48
1,9,255~3,9,255
9,1,268~9,4,268
4,4,84~4,4,84
4,1,64~4,7,64
0,2,160~5,2,160
2,4,141~7,4,141
2,6,146~7,6,146
3,5,138~3,5,138
4,6,283~9,6,283
2,9,225~6,9,225
2,2,172~3,2,172
7,0,173~7,6,173
4,2,185~6,2,185
9,2,288~9,4,288
4,3,79~5,3,79
0,0,129~1,0,129
8,4,179~8,9,179
2,6,248~7,6,248
1,6,198~1,6,198
4,1,27~7,1,27
2,3,172~2,5,172
2,2,235~2,8,235
5,4,14~5,7,14
1,4,136~1,8,136
4,8,223~8,8,223
7,0,210~7,4,210
7,1,283~7,1,283
2,0,46~2,3,46
2,4,119~2,6,119
1,2,34~9,2,34
8,0,33~8,4,33
3,7,43~4,7,43
0,1,71~3,1,71
4,5,28~5,5,28
2,4,283~3,4,283
3,3,32~4,3,32
2,4,231~5,4,231
0,4,26~1,4,26
4,2,125~9,2,125
4,2,39~5,2,39
2,2,236~2,3,236
0,5,268~1,5,268
2,4,113~2,4,113
6,2,191~6,5,191
5,1,229~5,4,229
1,7,257~6,7,257
7,1,260~7,9,260
0,1,66~4,1,66
3,0,85~9,0,85
8,1,102~8,9,102
7,2,190~7,2,190
7,4,145~7,6,145
7,0,14~7,1,14
2,2,240~2,2,240
0,2,206~0,2,206
9,0,148~9,8,148
3,3,166~7,3,166
8,0,209~8,5,209
1,4,203~6,4,203
8,0,286~8,3,286
1,3,114~4,3,114
5,1,191~5,2,191
2,3,21~2,3,21
0,8,122~1,8,122
2,3,299~2,3,299
9,8,231~9,8,286
1,1,2~7,1,2
6,3,185~6,3,185
0,5,171~0,5,171
1,0,185~3,0,185
2,9,140~5,9,140
4,4,123~4,4,123
2,9,100~2,9,121
7,0,146~7,5,146
2,2,85~2,4,85
1,3,296~4,3,296
3,8,240~8,8,240
4,3,33~6,3,33
4,0,26~8,0,26
3,6,89~8,6,89
4,1,156~5,1,156
0,1,249~0,5,249
0,3,37~4,3,37
2,0,150~7,0,150
7,0,219~7,0,260
1,3,159~8,3,159
1,3,265~1,3,265
2,0,115~5,0,115
2,2,24~6,2,24
1,1,58~1,4,58
0,0,149~2,0,149
4,7,26~4,7,26
0,4,158~9,4,158
3,3,123~8,3,123
1,7,152~2,7,152
1,6,265~8,6,265
1,6,6~9,6,6
0,0,196~0,6,196
6,1,18~6,9,18
7,2,124~7,5,124
3,0,147~7,0,147
1,9,184~5,9,184
6,1,282~6,7,282
0,4,35~0,8,35
1,1,295~1,6,295
0,8,59~5,8,59
1,1,209~1,9,209
0,3,20~4,3,20
2,0,179~7,0,179
3,6,11~8,6,11
2,0,131~8,0,131
9,0,256~9,4,256
3,5,81~6,5,81
4,3,276~4,4,276
2,7,97~8,7,97
8,1,26~8,6,26
1,2,86~1,3,86
2,7,136~5,7,136
8,1,68~8,7,68
4,9,4~8,9,4
9,2,94~9,6,94
3,6,57~3,6,57
2,2,49~5,2,49
3,2,215~3,9,215
4,8,82~6,8,82
2,1,220~9,1,220
4,5,188~8,5,188
0,9,163~3,9,163
0,1,258~2,1,258
3,2,237~6,2,237
1,1,221~6,1,221
6,1,64~6,7,64
1,4,139~4,4,139
0,9,21~9,9,21
0,6,18~2,6,18
1,3,234~1,4,234
4,3,3~4,6,3
4,3,290~4,3,290
0,4,186~1,4,186
1,3,102~4,3,102
2,7,270~2,7,270
3,4,286~3,9,286
4,2,186~9,2,186
4,7,59~5,7,59
2,3,289~3,3,289
4,9,246~5,9,246
2,8,162~9,8,162
4,9,114~7,9,114
4,9,181~5,9,181
3,7,15~5,7,15
2,3,232~2,5,232
1,7,278~3,7,278
5,4,91~5,8,91
8,2,139~8,6,139
0,1,151~0,7,151
2,1,275~2,1,283
1,3,256~7,3,256
1,6,135~7,6,135
1,1,257~4,1,257
0,0,143~0,7,143
7,3,151~7,5,151
0,3,85~0,5,85
1,5,276~8,5,276
4,4,255~7,4,255
5,2,214~5,3,214
4,9,58~4,9,58
3,3,160~4,3,160
3,7,244~5,7,244
2,8,49~4,8,49
6,2,233~6,3,233
3,9,275~9,9,275
3,1,193~3,7,193
9,3,144~9,3,144
2,0,261~2,8,261
3,7,199~3,7,203
7,0,281~7,1,281
9,1,214~9,1,214
3,3,83~5,3,83
0,7,159~9,7,159
2,5,240~4,5,240
1,0,200~6,0,200
2,8,11~6,8,11
6,0,238~6,9,238
3,2,121~7,2,121
5,4,226~5,4,226
7,4,201~7,8,201
1,7,150~5,7,150
2,2,273~7,2,273
7,0,19~7,7,19
0,7,236~7,7,236
7,0,163~7,7,163
0,2,239~9,2,239
1,0,148~7,0,148
0,4,72~6,4,72
9,3,64~9,4,64
3,3,298~3,9,298
3,3,48~3,5,48
0,7,106~5,7,106
2,7,297~4,7,297
0,3,257~7,3,257
4,3,85~4,3,85
8,2,205~8,8,205
1,9,135~9,9,135
0,1,252~0,9,252
1,6,16~5,6,16
2,2,53~4,2,53
4,4,224~9,4,224
9,2,299~9,9,299
1,0,182~4,0,182
1,1,192~7,1,192
3,4,256~3,9,256
2,2,28~2,2,28
4,0,296~4,0,296
1,3,183~1,9,183
1,8,143~5,8,143
1,1,24~3,1,24
2,4,103~5,4,103
4,9,165~6,9,165
1,7,191~6,7,191
2,2,55~6,2,55
2,6,127~5,6,127
3,4,260~3,7,260
0,5,63~1,5,63
0,5,243~0,5,243
2,8,226~2,8,226
0,2,46~0,2,46
3,8,52~6,8,52
9,1,124~9,9,124
3,6,8~3,6,8
3,9,34~9,9,34
1,3,44~5,3,44
3,2,162~3,5,162
7,1,132~7,3,132
4,3,228~4,9,228
4,7,275~6,7,275
2,9,280~5,9,280
1,4,260~1,9,260
2,1,202~2,1,202
2,0,96~8,0,96
2,7,271~5,7,271
3,2,282~5,2,282
2,2,12~8,2,12
4,2,252~8,2,252
6,2,264~6,4,264
8,2,146~8,3,146
1,6,180~4,6,180
0,3,135~0,3,135
2,6,263~3,6,263
3,3,292~4,3,292
3,2,56~8,2,56
4,3,140~4,3,140
5,1,11~5,3,11
4,8,254~7,8,254
1,1,178~3,1,178
1,0,194~1,0,194
0,7,293~1,7,293
3,1,29~5,1,29
1,2,130~1,2,130
5,0,100~5,2,100
3,9,136~5,9,136
0,6,103~3,6,103
0,9,85~2,9,85
5,4,298~5,9,298
2,0,184~8,0,184
1,9,186~7,9,186
0,9,25~3,9,25
2,4,271~2,4,271
4,7,208~6,7,208
2,0,141~5,0,141
9,0,207~9,1,207
3,2,59~3,6,59
1,6,151~5,6,151
7,4,239~7,4,239
8,3,242~8,6,242
4,0,151~4,0,151
2,7,164~7,7,164
0,5,289~8,5,289
1,0,114~2,0,114
0,8,30~6,8,30
8,2,129~8,9,129
2,6,204~4,6,204
6,1,297~6,1,299
1,9,81~9,9,81
3,1,255~3,1,255
4,0,278~6,0,278
4,9,79~5,9,79
2,2,140~6,2,140
1,1,69~7,1,69
1,9,72~6,9,72
0,0,86~3,0,86
2,6,234~2,6,234
1,7,178~8,7,178
9,4,262~9,4,264
2,1,88~3,1,88
2,0,252~2,8,252
9,1,255~9,6,255
4,1,7~4,1,7
7,2,222~7,2,222
2,3,116~4,3,116
0,4,242~0,4,242
9,0,5~9,1,5
0,3,45~5,3,45
9,1,159~9,6,159
3,2,257~6,2,257
0,4,237~1,4,237
0,8,141~7,8,141
1,8,250~3,8,250
3,3,100~3,9,100
0,5,92~4,5,92
3,4,291~6,4,291
1,0,132~6,0,132
0,3,175~0,3,175
3,1,93~4,1,93
5,3,186~5,4,186
1,3,173~1,3,173
0,3,290~0,8,290
9,4,218~9,9,218
4,1,250~9,1,250
1,4,286~1,4,286
4,1,8~8,1,8
1,1,9~3,1,9
5,2,175~5,7,175
8,2,155~8,2,155
4,7,170~4,7,170
6,3,133~6,4,133
9,1,22~9,8,22
1,4,246~3,4,246
0,1,98~0,8,98
8,2,112~8,2,112
0,0,22~2,0,22
1,6,217~1,6,217
3,9,229~5,9,229
3,9,122~4,9,122
1,4,274~7,4,274
7,4,24~7,5,24
7,3,164~7,5,164
7,4,18~7,6,18
2,8,58~3,8,58
0,1,175~0,1,175
1,6,95~2,6,95
0,9,188~4,9,188
4,4,108~7,4,108
0,4,195~1,4,195
2,2,20~4,2,20
3,0,123~8,0,123
3,7,131~5,7,131
1,2,182~1,5,182
2,3,99~2,4,99
2,9,59~2,9,59
1,2,238~1,7,238
9,0,44~9,2,44
9,3,130~9,3,130
2,8,212~3,8,212
2,3,91~2,4,91
1,6,77~4,6,77
0,1,144~0,5,144
0,5,224~2,5,224
3,5,238~4,5,238
1,5,176~3,5,176
0,0,198~0,6,198
4,3,236~5,3,236
2,2,105~6,2,105
2,1,133~2,5,133
0,4,86~3,4,86
3,3,82~3,3,82
3,5,249~4,5,249
1,1,222~8,1,222
2,4,210~2,9,210
4,9,261~8,9,261
1,9,69~7,9,69
0,3,109~6,3,109
5,0,155~5,0,155
4,8,238~4,8,238
0,1,168~8,1,168
3,6,259~7,6,259
0,4,212~1,4,212
2,2,75~2,2,75
2,3,218~2,7,218
3,8,221~4,8,221
4,1,117~4,9,117
4,8,104~9,8,104
2,1,171~2,3,171
4,1,23~4,8,23
2,3,80~2,3,80
3,7,94~8,7,94
1,4,160~1,8,160
8,3,185~8,4,185
4,3,99~4,7,99
3,0,61~3,5,61
4,7,180~5,7,180
7,3,70~7,7,70
1,6,294~1,6,294
9,1,196~9,5,196
3,2,204~4,2,204
4,8,288~8,8,288
3,2,191~3,2,191
4,5,187~9,5,187
3,2,87~5,2,87
4,0,172~6,0,172
0,2,84~7,2,84
1,8,190~8,8,190
3,1,205~3,1,205
0,2,72~3,2,72
1,4,294~1,4,294
1,0,108~8,0,108
9,3,269~9,6,269
2,6,208~9,6,208
1,9,182~3,9,182
8,3,120~8,9,120
2,2,93~2,2,93
8,0,91~8,1,91
3,2,102~7,2,102
8,2,280~8,9,280
1,7,211~4,7,211
0,2,7~0,7,7
1,0,209~7,0,209
3,1,140~3,1,140
8,2,62~8,3,62
0,7,156~3,7,156
4,0,50~8,0,50
3,3,188~4,3,188
0,5,78~5,5,78
7,1,229~7,9,229
1,5,208~9,5,208
3,0,288~4,0,288
4,6,210~4,6,210
7,3,194~7,4,194
0,8,1~4,8,1
4,4,297~5,4,297
3,5,182~7,5,182
3,4,13~6,4,13
2,1,207~5,1,207
4,5,186~8,5,186
4,0,153~4,2,153
0,7,232~2,7,232
4,8,41~8,8,41
6,1,235~6,3,235
3,4,118~3,4,118
1,2,120~4,2,120
4,9,160~6,9,160
2,6,269~2,6,269
2,5,296~4,5,296
2,0,212~2,7,212
0,1,140~0,6,140
6,1,107~6,5,107
2,8,220~7,8,220
1,8,184~3,8,184
5,3,130~5,3,130
4,8,81~7,8,81
0,7,81~9,7,81
4,8,280~6,8,280
4,0,104~4,7,104
4,0,41~6,0,41
1,6,224~2,6,224
6,1,45~6,9,45
4,1,28~4,4,28
6,4,130~6,9,130
4,9,11~7,9,11
9,0,168~9,0,168
4,4,157~9,4,157
3,6,33~6,6,33
2,5,69~5,5,69
2,1,50~6,1,50
2,1,170~3,1,170
0,9,160~0,9,160
3,2,164~3,4,164
3,8,142~5,8,142
4,3,184~4,4,184
8,1,295~8,3,295
0,9,239~0,9,239
0,5,38~7,5,38
4,1,157~9,1,157
2,0,81~2,1,81
4,4,275~7,4,275
4,5,132~8,5,132
3,0,118~7,0,118
4,6,4~9,6,4
3,9,24~9,9,24
8,2,213~8,8,213
0,2,156~7,2,156
8,4,138~8,8,138
1,0,159~1,0,159
3,9,112~8,9,112
0,2,127~6,2,127
2,1,248~2,3,248
0,6,191~6,6,191
2,6,164~2,6,164
2,2,41~2,2,41
3,4,281~9,4,281
3,2,271~8,2,271
3,3,235~3,5,235
2,8,15~7,8,15
4,4,44~5,4,44
4,9,87~9,9,87
0,0,106~0,4,106
4,5,87~4,5,87
4,8,21~6,8,21
6,1,83~6,4,83
0,3,153~5,3,153
0,2,42~5,2,42
4,8,196~4,8,196
6,4,5~6,8,5
7,2,170~7,4,170
4,7,165~4,7,165
1,1,231~5,1,231
4,3,286~4,3,287
4,6,262~5,6,262
3,5,41~6,5,41
6,3,237~6,4,237
1,4,35~1,5,35
3,0,125~3,0,125
2,1,195~3,1,195
0,8,274~8,8,274
9,4,62~9,7,62
2,4,23~2,6,23
4,1,10~4,1,10
2,1,27~3,1,27
4,4,267~4,5,267
2,9,75~9,9,75
4,3,252~4,3,252
2,0,263~6,0,263
4,1,151~7,1,151
1,8,72~6,8,72
4,2,285~8,2,285
0,3,64~0,3,64
4,5,80~6,5,80
3,6,258~5,6,258
2,1,230~2,6,230
4,4,249~4,4,249
0,5,206~1,5,206
2,4,55~2,6,55
1,1,107~5,1,107
4,3,142~4,3,142
4,6,82~4,6,82
3,0,89~7,0,89
1,2,125~3,2,125
3,1,290~8,1,290
4,8,113~8,8,113
4,7,280~6,7,280
4,4,248~4,4,248
4,3,80~8,3,80
1,2,226~9,2,226
9,0,281~9,1,281
4,6,118~6,6,118
3,8,294~5,8,294
0,2,115~5,2,115
9,9,294~9,9,295
8,4,285~8,9,285
3,0,7~5,0,7
4,7,295~6,7,295
0,7,279~8,7,279
3,3,25~9,3,25
3,3,273~6,3,273
1,2,297~1,8,297
4,3,291~8,3,291
1,1,290~1,1,293
4,5,119~7,5,119
7,3,120~7,4,120
2,5,266~4,5,266
3,3,263~4,3,263
2,0,117~2,6,117
2,4,97~4,4,97
0,2,197~1,2,197
2,8,164~6,8,164
1,7,214~2,7,214
1,0,25~1,4,25
1,1,273~3,1,273
0,0,167~0,0,167
9,0,78~9,7,78
2,1,290~2,8,290
0,2,126~0,4,126
4,5,27~6,5,27
0,0,93~0,1,93
0,3,203~8,3,203
4,3,167~4,9,167
0,6,214~7,6,214
1,4,188~6,4,188
0,9,222~3,9,222
4,5,286~5,5,286
0,1,254~0,5,254
0,8,47~7,8,47
4,3,220~5,3,220
1,2,105~1,3,105
9,0,140~9,4,140
2,8,183~8,8,183
4,1,73~6,1,73
8,0,245~8,7,245
6,2,47~6,2,47
1,4,73~1,6,73
0,7,149~9,7,149
1,9,127~6,9,127
4,7,195~8,7,195
4,9,99~9,9,99
9,3,210~9,8,210
1,5,30~6,5,30
4,7,161~7,7,161
4,9,233~9,9,233
1,7,61~3,7,61
4,9,161~4,9,161
4,7,270~7,7,270
2,4,291~2,6,291
4,4,12~4,9,12
7,0,72~7,4,72
3,4,230~8,4,230
2,1,141~8,1,141
4,3,90~5,3,90
0,8,38~5,8,38
0,0,216~3,0,216
1,1,296~9,1,296
0,0,103~3,0,103
4,2,207~8,2,207
0,5,262~6,5,262
1,1,123~5,1,123
8,4,270~8,4,270
1,9,58~2,9,58
7,2,118~7,4,118
2,3,132~2,5,132
0,5,121~2,5,121
4,7,237~7,7,237
0,3,76~6,3,76
6,3,173~6,4,173
4,8,10~4,8,10
3,1,212~9,1,212
5,3,171~5,9,171
2,6,168~7,6,168
1,1,75~1,2,75
1,4,280~1,7,280
3,4,136~3,5,136
5,1,122~5,1,122
7,0,286~7,5,286
2,8,227~2,8,227
9,0,190~9,2,190
4,3,38~4,3,38
2,3,210~2,3,210
2,4,237~2,8,237
1,9,9~4,9,9
3,2,199~7,2,199
0,0,205~4,0,205
0,1,20~2,1,20
4,7,192~5,7,192
3,0,190~5,0,190
0,3,152~2,3,152
2,1,154~2,2,154
4,4,73~4,4,73
3,0,143~3,2,143
0,5,250~5,5,250
8,1,9~8,4,9
8,1,247~8,7,247
4,6,182~8,6,182
2,8,186~8,8,186
0,4,225~0,8,225
1,0,79~1,9,79
3,8,195~7,8,195
1,2,50~4,2,50
2,8,266~2,8,266
3,1,211~3,5,211
4,8,32~5,8,32
1,2,272~1,3,272
3,3,232~3,8,232
1,9,104~1,9,104
9,2,39~9,7,39
3,4,147~8,4,147
5,4,86~5,8,86
3,2,208~4,2,208
3,2,253~3,8,253
6,1,120~6,1,120
1,2,133~1,9,133
4,8,230~4,8,230
1,5,202~1,5,202
2,8,145~5,8,145
2,0,3~2,6,3
0,6,288~8,6,288
9,2,173~9,5,173
2,4,57~4,4,57
8,2,78~8,8,78
2,3,118~5,3,118
1,0,299~1,6,299
0,1,41~2,1,41
4,1,3~5,1,3
3,7,96~6,7,96
3,0,121~6,0,121
3,2,299~6,2,299
1,0,226~3,0,226
2,9,208~2,9,208
4,3,94~4,5,94
1,0,8~8,0,8
6,0,77~6,9,77
2,8,77~4,8,77
2,0,14~2,0,14
0,8,283~7,8,283
6,0,129~6,7,129
2,2,149~9,2,149
1,3,224~1,4,224
0,0,133~5,0,133
7,2,67~7,3,67
4,3,149~6,3,149
4,0,68~4,0,68
4,4,260~4,6,260
0,6,113~8,6,113
2,7,204~8,7,204
2,1,73~2,2,73
1,0,4~5,0,4
4,8,277~5,8,277
9,3,132~9,6,132
0,9,13~3,9,13
3,1,6~7,1,6
0,6,85~0,6,85
3,0,196~3,2,196
1,2,81~1,4,81
2,9,200~4,9,200
4,2,246~4,8,246
4,4,162~4,7,162
1,5,31~4,5,31
1,0,137~1,4,137
1,3,128~6,3,128
8,2,86~8,8,86
4,1,285~5,1,285
3,0,168~3,0,168
0,0,258~4,0,258
3,3,22~3,8,22
4,4,60~6,4,60
3,7,220~5,7,220
4,8,168~7,8,168
3,1,216~4,1,216
4,4,258~9,4,258
4,7,242~8,7,242
4,0,111~8,0,111
0,2,152~5,2,152
0,1,51~6,1,51
6,4,32~6,4,32
4,8,147~9,8,147
2,2,288~5,2,288
4,1,254~7,1,254
7,1,186~7,1,186
2,6,205~4,6,205
3,9,116~5,9,116
8,0,274~8,0,274
3,2,200~6,2,200
7,1,76~7,2,76
2,8,55~4,8,55
5,0,181~5,5,181
3,9,83~5,9,83
0,0,279~1,0,279
0,3,240~0,3,240
0,0,162~0,0,162
2,2,182~2,4,182
2,1,101~2,6,101
3,0,142~4,0,142
1,4,156~9,4,156
2,6,278~5,6,278
1,1,253~2,1,253
0,3,161~4,3,161
1,4,107~1,7,107
1,9,217~7,9,217
1,6,120~4,6,120
3,6,270~5,6,270
3,2,267~7,2,267
4,0,77~4,0,77
1,7,167~1,7,167
4,9,223~8,9,223
0,0,69~0,0,69
2,3,78~3,3,78
0,3,114~0,5,114
3,8,227~4,8,227
2,0,171~6,0,171
1,5,214~6,5,214
9,2,120~9,7,120
3,5,279~6,5,279
4,7,219~6,7,219
5,1,251~5,1,251
2,5,148~6,5,148
0,3,185~0,6,185
4,7,248~7,7,248
1,3,41~5,3,41
0,4,89~0,9,89
0,6,211~8,6,211
2,1,235~3,1,235
0,3,127~2,3,127
0,1,42~5,1,42
4,0,159~4,0,159
3,5,33~3,5,33
3,0,84~3,0,84
0,1,193~0,7,193
7,3,243~7,7,243
3,2,167~3,8,167
2,7,233~3,7,233
8,2,261~8,7,261
3,4,176~3,4,176
4,4,50~4,4,50
1,4,15~3,4,15
3,9,151~6,9,151
8,1,144~8,4,144
4,8,42~5,8,42
4,0,222~4,0,222
0,6,25~9,6,25
3,3,157~3,8,157
3,5,290~9,5,290
3,7,245~4,7,245
4,2,171~4,5,171
3,3,272~3,3,272
1,9,131~6,9,131
2,2,192~2,2,192
2,7,53~2,7,53
0,6,189~9,6,189
4,0,183~4,2,183
4,1,197~9,1,197
1,0,240~1,3,240
3,3,182~5,3,182
0,4,157~0,8,157
4,3,294~9,3,294
1,7,87~3,7,87
3,9,98~3,9,98
4,9,88~4,9,88
5,0,17~5,6,17
1,4,20~5,4,20
2,2,15~2,2,15
0,2,205~7,2,205
2,2,203~2,2,203
3,5,113~5,5,113
3,3,113~7,3,113
0,0,55~0,3,55
4,7,158~9,7,158
0,1,208~2,1,208
1,2,277~5,2,277
3,3,280~7,3,280
1,0,3~1,0,3
3,2,198~3,5,198
4,0,137~6,0,137
1,5,293~7,5,293
4,2,113~9,2,113
6,0,29~6,3,29
3,0,70~7,0,70
4,7,111~5,7,111
4,3,271~8,3,271
2,9,31~4,9,31
0,2,157~6,2,157
0,9,74~2,9,74
1,1,225~1,3,225
4,3,88~4,3,88
1,1,272~4,1,272
4,3,7~4,5,7
0,8,61~7,8,61
2,6,123~4,6,123
2,3,108~7,3,108
8,0,181~8,7,181
5,4,194~5,6,194
9,0,150~9,3,150
5,2,129~5,6,129
1,5,137~8,5,137
2,0,60~2,2,60
4,8,281~7,8,281
3,9,221~7,9,221
1,8,150~4,8,150
9,2,151~9,9,151
3,0,11~3,0,11
0,9,111~0,9,111
2,0,194~2,3,194
1,7,17~4,7,17
1,9,248~5,9,248
6,0,187~6,1,187
3,9,61~6,9,61
3,3,179~7,3,179
3,1,266~8,1,266
8,3,96~8,6,96
4,4,15~8,4,15
2,4,71~2,6,71
3,5,88~6,5,88
7,8,299~7,8,299
3,2,234~3,2,234
0,2,226~0,3,226
3,5,76~4,5,76
0,0,105~5,0,105
1,7,9~5,7,9
3,9,207~7,9,207
4,3,146~4,5,146
3,8,185~5,8,185
2,4,39~2,9,39
4,2,31~8,2,31
4,4,10~9,4,10
3,3,38~3,4,38
1,6,220~7,6,220
3,3,1~3,3,1
4,0,289~4,1,289
7,2,150~7,3,150
0,3,176~8,3,176
1,4,118~1,4,118
4,9,84~9,9,84
1,5,161~3,5,161
1,3,242~6,3,242
4,1,115~6,1,115
1,8,24~8,8,24
8,1,287~8,7,287
4,0,55~4,0,55
4,6,126~9,6,126
0,3,230~0,5,230
0,4,232~0,4,232
2,5,156~7,5,156
1,8,201~4,8,201
0,4,135~0,7,135
6,0,272~6,9,272
2,5,14~2,5,14
5,3,258~5,3,258
5,0,228~5,8,228
5,4,69~5,4,69
1,1,59~1,1,59
3,4,140~6,4,140
3,2,251~3,7,251
4,9,270~4,9,270
3,2,163~3,2,163
7,3,95~7,9,95
0,7,153~0,7,153
3,7,72~8,7,72
3,4,18~3,5,18
2,9,49~7,9,49
4,2,90~4,2,90
3,8,179~7,8,179
9,3,204~9,7,204
0,2,294~2,2,294
2,9,146~4,9,146
1,5,170~3,5,170
2,7,108~9,7,108
0,1,135~0,2,135
0,7,250~0,7,250
4,1,102~6,1,102
2,2,29~4,2,29
3,1,186~3,2,186
9,4,14~9,8,14
1,6,279~6,6,279
8,0,3~8,2,3
4,6,203~5,6,203
3,2,197~3,7,197
2,5,206~3,5,206
2,1,75~5,1,75
6,1,54~6,4,54
2,8,99~8,8,99
0,6,83~6,6,83
1,2,271~2,2,271
3,7,82~5,7,82
0,3,266~2,3,266
1,5,131~3,5,131
3,0,161~3,0,161
4,4,226~4,8,226
2,2,139~2,3,139
7,2,221~7,3,221
7,4,181~7,8,181
2,9,244~3,9,244
6,4,93~6,7,93
9,3,52~9,6,52
3,2,60~3,8,60
2,4,42~2,6,42
4,3,270~4,3,270
3,1,49~7,1,49
2,3,18~2,3,18
2,4,73~2,4,73
1,6,85~9,6,85
2,1,274~8,1,274
3,0,3~3,7,3
6,4,109~6,6,109
1,5,139~1,5,158
0,3,40~0,6,40
1,1,288~1,3,288
1,2,293~1,4,293
0,1,97~3,1,97
3,9,144~6,9,144
1,6,142~3,6,142
0,9,42~1,9,42
8,1,173~8,8,173
0,1,79~0,8,79
0,3,277~0,4,277
2,0,32~2,5,32
0,0,294~0,1,294
4,1,203~4,1,203
4,1,145~4,1,145
1,7,78~3,7,78
2,5,13~8,5,13
3,2,28~3,5,28
7,3,83~7,5,83
2,1,264~2,7,264
2,7,113~7,7,113
0,6,88~3,6,88
1,3,42~1,3,42
1,1,259~6,1,259
9,0,120~9,0,131
4,3,42~4,3,42
1,6,93~2,6,93
1,5,216~8,5,216
1,6,72~2,6,72
0,6,272~4,6,272
3,8,92~3,8,92
3,9,134~6,9,134
7,0,213~7,6,213
9,2,40~9,7,40
1,0,64~8,0,64
2,3,9~2,4,9
0,8,139~4,8,139
3,0,236~3,0,236
8,2,98~8,2,98
9,0,274~9,6,274
2,7,234~3,7,234
0,7,194~0,7,194
7,3,75~7,8,75
2,3,207~9,3,207
4,6,143~7,6,143
4,3,152~7,3,152
2,6,254~7,6,254
2,9,283~6,9,283
3,5,268~4,5,268
3,8,7~6,8,7
3,8,31~9,8,31
9,2,217~9,3,217
3,4,106~7,4,106
3,6,75~4,6,75
4,2,110~6,2,110
1,8,159~7,8,159
5,1,269~5,5,269
4,9,118~6,9,118
4,9,123~6,9,123
3,8,123~6,8,123
0,5,125~5,5,125
5,1,267~5,1,267
0,2,68~6,2,68
0,2,67~5,2,67
2,5,4~7,5,4
3,5,228~3,5,228
2,1,62~6,1,62
0,4,80~0,7,80
4,8,157~4,8,157
2,6,128~6,6,128
3,2,133~5,2,133
6,2,57~6,2,57
6,1,286~6,8,286
0,1,124~6,1,124
2,7,174~2,7,174
2,5,255~5,5,255
0,6,285~6,6,285
8,6,299~8,6,299
0,9,129~1,9,129
3,2,122~9,2,122
2,1,77~2,2,77
1,0,47~1,1,47
4,8,128~8,8,128
7,4,17~7,4,17
4,9,60~4,9,60
0,2,275~5,2,275
1,9,126~6,9,126
1,7,145~1,7,145
1,7,255~4,7,255
2,1,201~6,1,201
8,2,206~8,2,206
0,8,173~3,8,173
3,5,75~4,5,75
4,0,255~4,0,255
8,3,4~8,5,4